t = 0
b = 160.0 160.0 160.0
E = 0.0 0.0 0.0
2.105078 -0.686743 0.126835 0.174438 -0.984668 0.000000 0.000000 0.000000 1.000000 0.0 0.0 0.0 0.0 0.0 0.0
1.768569 -0.870890 0.516598 0.735284 -0.677759 0.000000 0.000000 0.000000 1.000000 0.0 0.0 0.0 0.0 0.0 0.0
1.612387 -1.221262 0.906361 0.995592 -0.093794 0.000000 0.000000 0.000000 1.000000 0.0 0.0 0.0 0.0 0.0 0.0
1.700377 -1.594633 1.296124 0.848941 0.528488 0.000000 0.000000 0.000000 1.000000 0.0 0.0 0.0 0.0 0.0 0.0
1.996573 -1.838396 1.685886 0.355284 0.934758 0.000000 0.000000 0.000000 1.000000 0.0 0.0 0.0 0.0 0.0 0.0
2.296691 -1.871210 2.075649 -0.144920 0.989443 0.000000 0.000000 0.000000 1.000000 0.0 0.0 0.0 0.0 0.0 0.0
2.618708 -1.716570 2.465412 -0.681610 0.731716 0.000000 0.000000 0.000000 1.000000 0.0 0.0 0.0 0.0 0.0 0.0
2.795760 -1.406313 2.855175 -0.976697 0.214625 0.000000 0.000000 0.000000 1.000000 0.0 0.0 0.0 0.0 0.0 0.0
2.765090 -1.050406 3.244938 -0.925577 -0.378560 0.000000 0.000000 0.000000 1.000000 0.0 0.0 0.0 0.0 0.0 0.0
2.537562 -0.775015 3.634701 -0.546369 -0.837545 0.000000 0.000000 0.000000 1.000000 0.0 0.0 0.0 0.0 0.0 0.0
2.193835 -0.677752 4.024464 0.026512 -0.999648 0.000000 0.000000 0.000000 1.000000 0.0 0.0 0.0 0.0 0.0 0.0
1.855746 -0.793097 4.414227 0.589991 -0.807410 0.000000 0.000000 0.000000 1.000000 0.0 0.0 0.0 0.0 0.0 0.0
1.643138 -1.080164 4.803989 0.944343 -0.328962 0.000000 0.000000 0.000000 1.000000 0.0 0.0 0.0 0.0 0.0 0.0
1.631373 -1.437193 5.193752 0.963949 0.266086 0.000000 0.000000 0.000000 1.000000 0.0 0.0 0.0 0.0 0.0 0.0
1.824622 -1.737631 5.583515 0.641871 0.766812 0.000000 0.000000 0.000000 1.000000 0.0 0.0 0.0 0.0 0.0 0.0
2.154383 -1.874983 5.973278 0.092268 0.995734 0.000000 0.000000 0.000000 1.000000 0.0 0.0 0.0 0.0 0.0 0.0
2.503772 -1.800558 6.363041 -0.490053 0.871693 0.000000 0.000000 0.000000 1.000000 0.0 0.0 0.0 0.0 0.0 0.0
2.748931 -1.540743 6.752804 -0.898648 0.438671 0.000000 0.000000 0.000000 1.000000 0.0 0.0 0.0 0.0 0.0 0.0
2.802966 -1.187632 7.142567 -0.988708 -0.149852 0.000000 0.000000 0.000000 1.000000 0.0 0.0 0.0 0.0 0.0 0.0
2.687728 -0.914869 7.532330 -0.796639 -0.604455 0.000000 0.000000 0.000000 1.000000 0.0 0.0 0.0 0.0 0.0 0.0
2.389937 -0.705240 7.922092 -0.300322 -0.953838 0.000000 0.000000 0.000000 1.000000 0.0 0.0 0.0 0.0 0.0 0.0
2.025767 -0.706442 8.311855 0.306624 -0.951831 0.000000 0.000000 0.000000 1.000000 0.0 0.0 0.0 0.0 0.0 0.0
1.729369 -0.918039 8.701618 0.800623 -0.599168 0.000000 0.000000 0.000000 1.000000 0.0 0.0 0.0 0.0 0.0 0.0
1.609942 -1.262072 9.091381 0.999667 -0.025787 0.000000 0.000000 0.000000 1.000000 0.0 0.0 0.0 0.0 0.0 0.0
1.711478 -1.611807 9.481144 0.830440 0.557108 0.000000 0.000000 0.000000 1.000000 0.0 0.0 0.0 0.0 0.0 0.0
1.996573 -1.838396 9.870907 0.355284 0.934758 0.000000 0.000000 0.000000 1.000000 0.0 0.0 0.0 0.0 0.0 0.0
2.296691 -1.871210 10.260670 -0.144920 0.989443 0.000000 0.000000 0.000000 1.000000 0.0 0.0 0.0 0.0 0.0 0.0
2.618708 -1.716570 10.650433 -0.681610 0.731716 0.000000 0.000000 0.000000 1.000000 0.0 0.0 0.0 0.0 0.0 0.0
2.795760 -1.406313 11.040195 -0.976697 0.214625 0.000000 0.000000 0.000000 1.000000 0.0 0.0 0.0 0.0 0.0 0.0
2.765090 -1.050406 11.429958 -0.925577 -0.378560 0.000000 0.000000 0.000000 1.000000 0.0 0.0 0.0 0.0 0.0 0.0
2.537562 -0.775015 11.819717 -0.546369 -0.837545 0.000000 0.000000 0.000000 1.000000 0.0 0.0 0.0 0.0 0.0 0.0
2.193835 -0.677752 12.209480 0.026512 -0.999648 0.000000 0.000000 0.000000 1.000000 0.0 0.0 0.0 0.0 0.0 0.0
0.103286 -3.143824 12.209480 -0.169849 0.985470 0.000000 0.000000 0.000000 -1.000000 0.0 0.0 0.0 0.0 0.0 0.0
-0.250047 -3.097323 11.819717 0.419037 0.907969 0.000000 0.000000 0.000000 -1.000000 0.0 0.0 0.0 0.0 0.0 0.0
-0.514680 -2.858622 11.429958 0.860098 0.510129 0.000000 0.000000 0.000000 -1.000000 0.0 0.0 0.0 0.0 0.0 0.0
-0.597246 -2.511938 11.040195 0.997708 -0.067673 0.000000 0.000000 0.000000 -1.000000 0.0 0.0 0.0 0.0 0.0 0.0
-0.468622 -2.179579 10.650433 0.783330 -0.621606 0.000000 0.000000 0.000000 -1.000000 0.0 0.0 0.0 0.0 0.0 0.0
-0.174184 -1.978800 10.260670 0.292604 -0.956234 0.000000 0.000000 0.000000 -1.000000 0.0 0.0 0.0 0.0 0.0 0.0
0.182193 -1.980436 9.870907 -0.301360 -0.953510 0.000000 0.000000 0.000000 -1.000000 0.0 0.0 0.0 0.0 0.0 0.0
0.474776 -2.183905 9.481144 -0.788997 -0.614397 0.000000 0.000000 0.000000 -1.000000 0.0 0.0 0.0 0.0 0.0 0.0
0.600348 -2.517431 9.091381 -0.998286 -0.058517 0.000000 0.000000 0.000000 -1.000000 0.0 0.0 0.0 0.0 0.0 0.0
0.514605 -2.863344 8.701618 -0.855377 0.518006 0.000000 0.000000 0.000000 -1.000000 0.0 0.0 0.0 0.0 0.0 0.0
0.247798 -3.099604 8.311855 -0.410700 0.911770 0.000000 0.000000 0.000000 -1.000000 0.0 0.0 0.0 0.0 0.0 0.0
-0.105947 -3.142866 7.922092 0.178870 0.983873 0.000000 0.000000 0.000000 -1.000000 0.0 0.0 0.0 0.0 0.0 0.0
-0.421830 -2.977862 7.532330 0.705345 0.708864 0.000000 0.000000 0.000000 -1.000000 0.0 0.0 0.0 0.0 0.0 0.0
-0.575380 -2.717921 7.142567 0.961264 0.275630 0.000000 0.000000 0.000000 -1.000000 0.0 0.0 0.0 0.0 0.0 0.0
-0.562436 -2.347327 6.752804 0.939691 -0.342025 0.000000 0.000000 0.000000 -1.000000 0.0 0.0 0.0 0.0 0.0 0.0
-0.334138 -2.055117 6.363041 0.559195 -0.829036 0.000000 0.000000 0.000000 -1.000000 0.0 0.0 0.0 0.0 0.0 0.0
0.022319 -1.952906 5.973278 -0.034904 -0.999391 0.000000 0.000000 0.000000 -1.000000 0.0 0.0 0.0 0.0 0.0 0.0
0.370776 -2.079737 5.583515 -0.615662 -0.788010 0.000000 0.000000 0.000000 -1.000000 0.0 0.0 0.0 0.0 0.0 0.0
0.578135 -2.387160 5.193752 -0.961261 -0.275639 0.000000 0.000000 0.000000 -1.000000 0.0 0.0 0.0 0.0 0.0 0.0
0.565192 -2.757754 4.803989 -0.939694 0.342016 0.000000 0.000000 0.000000 -1.000000 0.0 0.0 0.0 0.0 0.0 0.0
0.420665 -2.981726 4.414227 -0.698814 0.715303 0.000000 0.000000 0.000000 -1.000000 0.0 0.0 0.0 0.0 0.0 0.0
0.103286 -3.143824 4.024464 -0.169849 0.985470 0.000000 0.000000 0.000000 -1.000000 0.0 0.0 0.0 0.0 0.0 0.0
-0.250047 -3.097323 3.634701 0.419037 0.907969 0.000000 0.000000 0.000000 -1.000000 0.0 0.0 0.0 0.0 0.0 0.0
-0.514680 -2.858622 3.244938 0.860098 0.510129 0.000000 0.000000 0.000000 -1.000000 0.0 0.0 0.0 0.0 0.0 0.0
-0.597246 -2.511938 2.855175 0.997708 -0.067673 0.000000 0.000000 0.000000 -1.000000 0.0 0.0 0.0 0.0 0.0 0.0
-0.468622 -2.179579 2.465412 0.783330 -0.621606 0.000000 0.000000 0.000000 -1.000000 0.0 0.0 0.0 0.0 0.0 0.0
-0.174184 -1.978800 2.075649 0.292604 -0.956234 0.000000 0.000000 0.000000 -1.000000 0.0 0.0 0.0 0.0 0.0 0.0
0.182193 -1.980436 1.685886 -0.301360 -0.953510 0.000000 0.000000 0.000000 -1.000000 0.0 0.0 0.0 0.0 0.0 0.0
0.474776 -2.183905 1.296124 -0.788997 -0.614397 0.000000 0.000000 0.000000 -1.000000 0.0 0.0 0.0 0.0 0.0 0.0
0.600348 -2.517431 0.906361 -0.998286 -0.058517 0.000000 0.000000 0.000000 -1.000000 0.0 0.0 0.0 0.0 0.0 0.0
0.514605 -2.863344 0.516598 -0.855377 0.518006 0.000000 0.000000 0.000000 -1.000000 0.0 0.0 0.0 0.0 0.0 0.0
0.247798 -3.099604 0.126835 -0.410700 0.911770 0.000000 0.000000 0.000000 -1.000000 0.0 0.0 0.0 0.0 0.0 0.0
-0.105947 -3.142866 -0.262928 0.178870 0.983873 0.000000 0.000000 0.000000 -1.000000 0.0 0.0 0.0 0.0 0.0 0.0
-0.421830 -2.977862 -0.652691 0.705345 0.708864 0.000000 0.000000 0.000000 -1.000000 0.0 0.0 0.0 0.0 0.0 0.0
-0.575380 -2.717921 -1.042454 0.961264 0.275630 0.000000 0.000000 0.000000 -1.000000 0.0 0.0 0.0 0.0 0.0 0.0
-0.582906 -2.416109 -1.432217 0.973805 -0.227384 0.000000 0.000000 0.000000 -1.000000 0.0 0.0 0.0 0.0 0.0 0.0
-1.643003 -1.482287 -1.432217 -0.939974 0.341245 0.000000 0.000000 0.000000 1.000000 0.0 0.0 0.0 0.0 0.0 0.0
-1.624032 -1.135538 -1.042454 -0.971590 -0.236672 0.000000 0.000000 0.000000 1.000000 0.0 0.0 0.0 0.0 0.0 0.0
-1.800344 -0.836359 -0.652691 -0.677739 -0.735303 0.000000 0.000000 0.000000 1.000000 0.0 0.0 0.0 0.0 0.0 0.0
-2.112874 -0.684969 -0.262928 -0.156850 -0.987622 0.000000 0.000000 0.000000 1.000000 0.0 0.0 0.0 0.0 0.0 0.0
-2.456929 -0.732081 0.126835 0.416567 -0.909105 0.000000 0.000000 0.000000 1.000000 0.0 0.0 0.0 0.0 0.0 0.0
-2.717260 -0.961912 0.516598 0.850456 -0.526046 0.000000 0.000000 0.000000 1.000000 0.0 0.0 0.0 0.0 0.0 0.0
-2.806657 -1.297472 0.906361 0.999448 0.033216 0.000000 0.000000 0.000000 1.000000 0.0 0.0 0.0 0.0 0.0 0.0
-2.695173 -1.626360 1.296124 0.813643 0.581364 0.000000 0.000000 0.000000 1.000000 0.0 0.0 0.0 0.0 0.0 0.0
-2.420160 -1.838396 1.685886 0.355292 0.934755 0.000000 0.000000 0.000000 1.000000 0.0 0.0 0.0 0.0 0.0 0.0
-2.120042 -1.871210 2.075649 -0.144911 0.989445 0.000000 0.000000 0.000000 1.000000 0.0 0.0 0.0 0.0 0.0 0.0
-1.787698 -1.706724 2.465412 -0.698814 0.715303 0.000000 0.000000 0.000000 1.000000 0.0 0.0 0.0 0.0 0.0 0.0
-1.615510 -1.378306 2.855175 -0.985797 0.167943 0.000000 0.000000 0.000000 1.000000 0.0 0.0 0.0 0.0 0.0 0.0
-1.669244 -1.011400 3.244938 -0.896241 -0.443567 0.000000 0.000000 0.000000 1.000000 0.0 0.0 0.0 0.0 0.0 0.0
-1.928380 -0.746149 3.634701 -0.464343 -0.885656 0.000000 0.000000 0.000000 1.000000 0.0 0.0 0.0 0.0 0.0 0.0
-2.293931 -0.683874 4.024464 0.144901 -0.989446 0.000000 0.000000 0.000000 1.000000 0.0 0.0 0.0 0.0 0.0 0.0
-2.626275 -0.848360 4.414227 0.698814 -0.715303 0.000000 0.000000 0.000000 1.000000 0.0 0.0 0.0 0.0 0.0 0.0
-2.770803 -1.072329 4.803989 0.939691 -0.342025 0.000000 0.000000 0.000000 1.000000 0.0 0.0 0.0 0.0 0.0 0.0
-2.787736 -1.428309 5.193752 0.967913 0.251284 0.000000 0.000000 0.000000 1.000000 0.0 0.0 0.0 0.0 0.0 0.0
-2.599786 -1.731096 5.583515 0.654662 0.755922 0.000000 0.000000 0.000000 1.000000 0.0 0.0 0.0 0.0 0.0 0.0
-2.273256 -1.873873 5.973278 0.110444 0.993882 0.000000 0.000000 0.000000 1.000000 0.0 0.0 0.0 0.0 0.0 0.0
-1.923345 -1.806265 6.363041 -0.472736 0.881204 0.000000 0.000000 0.000000 1.000000 0.0 0.0 0.0 0.0 0.0 0.0
-1.673505 -1.552126 6.752804 -0.889138 0.457639 0.000000 0.000000 0.000000 1.000000 0.0 0.0 0.0 0.0 0.0 0.0
-1.611875 -1.201117 7.142567 -0.991855 -0.127373 0.000000 0.000000 0.000000 1.000000 0.0 0.0 0.0 0.0 0.0 0.0
-1.760198 -0.877070 7.532330 -0.744653 -0.667452 0.000000 0.000000 0.000000 1.000000 0.0 0.0 0.0 0.0 0.0 0.0
-2.066148 -0.694307 7.922092 -0.234730 -0.972061 0.000000 0.000000 0.000000 1.000000 0.0 0.0 0.0 0.0 0.0 0.0
-2.421785 -0.717306 8.311855 0.357999 -0.933722 0.000000 0.000000 0.000000 1.000000 0.0 0.0 0.0 0.0 0.0 0.0
-2.701642 -0.937960 8.701618 0.824426 -0.565970 0.000000 0.000000 0.000000 1.000000 0.0 0.0 0.0 0.0 0.0 0.0
-2.806985 -1.278414 9.091381 0.999999 0.001459 0.000000 0.000000 0.000000 1.000000 0.0 0.0 0.0 0.0 0.0 0.0
-2.700654 -1.618559 9.481144 0.822780 0.568360 0.000000 0.000000 0.000000 1.000000 0.0 0.0 0.0 0.0 0.0 0.0
-2.420160 -1.838396 9.870907 0.355292 0.934755 0.000000 0.000000 0.000000 1.000000 0.0 0.0 0.0 0.0 0.0 0.0
-2.120042 -1.871210 10.260670 -0.144911 0.989445 0.000000 0.000000 0.000000 1.000000 0.0 0.0 0.0 0.0 0.0 0.0
-1.787698 -1.706724 10.650433 -0.698814 0.715303 0.000000 0.000000 0.000000 1.000000 0.0 0.0 0.0 0.0 0.0 0.0
-1.615510 -1.378306 11.040195 -0.985797 0.167943 0.000000 0.000000 0.000000 1.000000 0.0 0.0 0.0 0.0 0.0 0.0
-1.669244 -1.011400 11.429958 -0.896241 -0.443567 0.000000 0.000000 0.000000 1.000000 0.0 0.0 0.0 0.0 0.0 0.0
-1.928380 -0.746149 11.819717 -0.464343 -0.885656 0.000000 0.000000 0.000000 1.000000 0.0 0.0 0.0 0.0 0.0 0.0
-2.293931 -0.683874 12.209480 0.144901 -0.989446 0.000000 0.000000 0.000000 1.000000 0.0 0.0 0.0 0.0 0.0 0.0
-2.626275 -0.848360 12.599243 0.698814 -0.715303 0.000000 0.000000 0.000000 1.000000 0.0 0.0 0.0 0.0 0.0 0.0
-1.793687 0.837507 12.599243 -0.688833 0.724920 0.000000 0.000000 0.000000 -1.000000 0.0 0.0 0.0 0.0 0.0 0.0
-2.114156 0.679682 12.209480 -0.154715 0.987959 0.000000 0.000000 0.000000 -1.000000 0.0 0.0 0.0 0.0 0.0 0.0
-2.467530 0.731981 11.819717 0.434239 0.900798 0.000000 0.000000 0.000000 -1.000000 0.0 0.0 0.0 0.0 0.0 0.0
-2.728551 0.975859 11.429958 0.869271 0.494335 0.000000 0.000000 0.000000 -1.000000 0.0 0.0 0.0 0.0 0.0 0.0
-2.804693 1.324873 11.040195 0.996177 -0.087357 0.000000 0.000000 0.000000 -1.000000 0.0 0.0 0.0 0.0 0.0 0.0
-2.668966 1.655310 10.650433 0.769963 -0.638088 0.000000 0.000000 0.000000 -1.000000 0.0 0.0 0.0 0.0 0.0 0.0
-2.369481 1.850035 10.260670 0.270824 -0.962629 0.000000 0.000000 0.000000 -1.000000 0.0 0.0 0.0 0.0 0.0 0.0
-2.073472 1.857412 9.870907 -0.222522 -0.974928 0.000000 0.000000 0.000000 -1.000000 0.0 0.0 0.0 0.0 0.0 0.0
-1.759767 1.672449 9.481144 -0.745369 -0.666652 0.000000 0.000000 0.000000 -1.000000 0.0 0.0 0.0 0.0 0.0 0.0
-1.610814 1.340128 9.091381 -0.993620 -0.112781 0.000000 0.000000 0.000000 -1.000000 0.0 0.0 0.0 0.0 0.0 0.0
-1.681493 0.982878 8.701618 -0.875822 0.482634 0.000000 0.000000 0.000000 -1.000000 0.0 0.0 0.0 0.0 0.0 0.0
-1.945760 0.732309 8.311855 -0.435380 0.900247 0.000000 0.000000 0.000000 -1.000000 0.0 0.0 0.0 0.0 0.0 0.0
-2.306264 0.680727 7.922092 0.165461 0.986216 0.000000 0.000000 0.000000 -1.000000 0.0 0.0 0.0 0.0 0.0 0.0
-2.630193 0.847139 7.532330 0.705345 0.708864 0.000000 0.000000 0.000000 -1.000000 0.0 0.0 0.0 0.0 0.0 0.0
-2.783746 1.107080 7.142567 0.961264 0.275630 0.000000 0.000000 0.000000 -1.000000 0.0 0.0 0.0 0.0 0.0 0.0
-2.775522 1.464208 6.752804 0.947557 -0.319588 0.000000 0.000000 0.000000 -1.000000 0.0 0.0 0.0 0.0 0.0 0.0
-2.565770 1.753366 6.363041 0.597973 -0.801516 0.000000 0.000000 0.000000 -1.000000 0.0 0.0 0.0 0.0 0.0 0.0
-2.228841 1.872061 5.973278 0.036421 -0.999337 0.000000 0.000000 0.000000 -1.000000 0.0 0.0 0.0 0.0 0.0 0.0
-1.884168 1.778211 5.583515 -0.538034 -0.842923 0.000000 0.000000 0.000000 -1.000000 0.0 0.0 0.0 0.0 0.0 0.0
-1.653920 1.505091 5.193752 -0.921776 -0.387723 0.000000 0.000000 0.000000 -1.000000 0.0 0.0 0.0 0.0 0.0 0.0
-1.619722 1.149507 4.803989 -0.978779 0.204917 0.000000 0.000000 0.000000 -1.000000 0.0 0.0 0.0 0.0 0.0 0.0
-1.793687 0.837507 4.414227 -0.688833 0.724920 0.000000 0.000000 0.000000 -1.000000 0.0 0.0 0.0 0.0 0.0 0.0
-2.114156 0.679682 4.024464 -0.154715 0.987959 0.000000 0.000000 0.000000 -1.000000 0.0 0.0 0.0 0.0 0.0 0.0
-2.467530 0.731981 3.634701 0.434239 0.900798 0.000000 0.000000 0.000000 -1.000000 0.0 0.0 0.0 0.0 0.0 0.0
-2.728551 0.975859 3.244938 0.869271 0.494335 0.000000 0.000000 0.000000 -1.000000 0.0 0.0 0.0 0.0 0.0 0.0
-2.804693 1.324873 2.855175 0.996177 -0.087357 0.000000 0.000000 0.000000 -1.000000 0.0 0.0 0.0 0.0 0.0 0.0
-2.668966 1.655310 2.465412 0.769963 -0.638088 0.000000 0.000000 0.000000 -1.000000 0.0 0.0 0.0 0.0 0.0 0.0
-2.369481 1.850035 2.075649 0.270824 -0.962629 0.000000 0.000000 0.000000 -1.000000 0.0 0.0 0.0 0.0 0.0 0.0
-2.073472 1.857412 1.685886 -0.222522 -0.974928 0.000000 0.000000 0.000000 -1.000000 0.0 0.0 0.0 0.0 0.0 0.0
-1.759767 1.672449 1.296124 -0.745369 -0.666652 0.000000 0.000000 0.000000 -1.000000 0.0 0.0 0.0 0.0 0.0 0.0
-1.610814 1.340128 0.906361 -0.993620 -0.112781 0.000000 0.000000 0.000000 -1.000000 0.0 0.0 0.0 0.0 0.0 0.0
-1.681493 0.982878 0.516598 -0.875822 0.482634 0.000000 0.000000 0.000000 -1.000000 0.0 0.0 0.0 0.0 0.0 0.0
-1.945760 0.732309 0.126835 -0.435380 0.900247 0.000000 0.000000 0.000000 -1.000000 0.0 0.0 0.0 0.0 0.0 0.0
-2.306264 0.680727 -0.262928 0.165461 0.986216 0.000000 0.000000 0.000000 -1.000000 0.0 0.0 0.0 0.0 0.0 0.0
-2.630193 0.847139 -0.652691 0.705345 0.708864 0.000000 0.000000 0.000000 -1.000000 0.0 0.0 0.0 0.0 0.0 0.0
-2.783746 1.107080 -1.042454 0.961264 0.275630 0.000000 0.000000 0.000000 -1.000000 0.0 0.0 0.0 0.0 0.0 0.0
-2.775522 1.464208 -1.432217 0.947557 -0.319588 0.000000 0.000000 0.000000 -1.000000 0.0 0.0 0.0 0.0 0.0 0.0
-2.565770 1.753366 -1.821980 0.597973 -0.801516 0.000000 0.000000 0.000000 -1.000000 0.0 0.0 0.0 0.0 0.0 0.0
-2.228841 1.872061 -2.211742 0.036421 -0.999337 0.000000 0.000000 0.000000 -1.000000 0.0 0.0 0.0 0.0 0.0 0.0
-1.884168 1.778211 -2.601505 -0.538034 -0.842923 0.000000 0.000000 0.000000 -1.000000 0.0 0.0 0.0 0.0 0.0 0.0
-1.653920 1.505091 -2.991268 -0.921776 -0.387723 0.000000 0.000000 0.000000 -1.000000 0.0 0.0 0.0 0.0 0.0 0.0
-1.619722 1.149507 -3.381031 -0.978779 0.204917 0.000000 0.000000 0.000000 -1.000000 0.0 0.0 0.0 0.0 0.0 0.0
-1.793687 0.837507 -3.770794 -0.688833 0.724920 0.000000 0.000000 0.000000 -1.000000 0.0 0.0 0.0 0.0 0.0 0.0
-2.114156 0.679682 -4.160557 -0.154715 0.987959 0.000000 0.000000 0.000000 -1.000000 0.0 0.0 0.0 0.0 0.0 0.0
-2.467530 0.731981 -4.550320 0.434239 0.900798 0.000000 0.000000 0.000000 -1.000000 0.0 0.0 0.0 0.0 0.0 0.0
-2.728551 0.975859 -4.940083 0.869271 0.494335 0.000000 0.000000 0.000000 -1.000000 0.0 0.0 0.0 0.0 0.0 0.0
-2.804693 1.324873 -5.329845 0.996177 -0.087357 0.000000 0.000000 0.000000 -1.000000 0.0 0.0 0.0 0.0 0.0 0.0
-2.668966 1.655310 -5.719608 0.769963 -0.638088 0.000000 0.000000 0.000000 -1.000000 0.0 0.0 0.0 0.0 0.0 0.0
-2.369481 1.850035 -6.109371 0.270824 -0.962629 0.000000 0.000000 0.000000 -1.000000 0.0 0.0 0.0 0.0 0.0 0.0
-2.073472 1.857412 -6.499134 -0.222522 -0.974928 0.000000 0.000000 0.000000 -1.000000 0.0 0.0 0.0 0.0 0.0 0.0
-1.759767 1.672449 -6.888897 -0.745369 -0.666652 0.000000 0.000000 0.000000 -1.000000 0.0 0.0 0.0 0.0 0.0 0.0
-1.610814 1.340128 -7.278660 -0.993620 -0.112781 0.000000 0.000000 0.000000 -1.000000 0.0 0.0 0.0 0.0 0.0 0.0
-1.681493 0.982878 -7.668423 -0.875822 0.482634 0.000000 0.000000 0.000000 -1.000000 0.0 0.0 0.0 0.0 0.0 0.0
-1.945760 0.732309 -8.058186 -0.435380 0.900247 0.000000 0.000000 0.000000 -1.000000 0.0 0.0 0.0 0.0 0.0 0.0
-2.306264 0.680727 -8.447948 0.165461 0.986216 0.000000 0.000000 0.000000 -1.000000 0.0 0.0 0.0 0.0 0.0 0.0
-2.630193 0.847139 -8.837711 0.705345 0.708864 0.000000 0.000000 0.000000 -1.000000 0.0 0.0 0.0 0.0 0.0 0.0
-2.783746 1.107080 -9.227474 0.961264 0.275630 0.000000 0.000000 0.000000 -1.000000 0.0 0.0 0.0 0.0 0.0 0.0
-2.775522 1.464208 -9.617237 0.947557 -0.319588 0.000000 0.000000 0.000000 -1.000000 0.0 0.0 0.0 0.0 0.0 0.0
-2.565770 1.753366 -10.007000 0.597973 -0.801516 0.000000 0.000000 0.000000 -1.000000 0.0 0.0 0.0 0.0 0.0 0.0
-2.228841 1.872061 -10.396763 0.036421 -0.999337 0.000000 0.000000 0.000000 -1.000000 0.0 0.0 0.0 0.0 0.0 0.0
-1.884168 1.778211 -10.786526 -0.538034 -0.842923 0.000000 0.000000 0.000000 -1.000000 0.0 0.0 0.0 0.0 0.0 0.0
-1.653920 1.505091 -11.176289 -0.921776 -0.387723 0.000000 0.000000 0.000000 -1.000000 0.0 0.0 0.0 0.0 0.0 0.0
-1.619722 1.149507 -11.566051 -0.978779 0.204917 0.000000 0.000000 0.000000 -1.000000 0.0 0.0 0.0 0.0 0.0 0.0
-2.626275 -0.848360 -11.955814 0.698814 -0.715303 0.000000 0.000000 0.000000 1.000000 0.0 0.0 0.0 0.0 0.0 0.0
-2.770803 -1.072329 -11.566051 0.939691 -0.342025 0.000000 0.000000 0.000000 1.000000 0.0 0.0 0.0 0.0 0.0 0.0
-2.787736 -1.428309 -11.176289 0.967913 0.251284 0.000000 0.000000 0.000000 1.000000 0.0 0.0 0.0 0.0 0.0 0.0
-2.599786 -1.731096 -10.786526 0.654662 0.755922 0.000000 0.000000 0.000000 1.000000 0.0 0.0 0.0 0.0 0.0 0.0
-2.273256 -1.873873 -10.396763 0.110444 0.993882 0.000000 0.000000 0.000000 1.000000 0.0 0.0 0.0 0.0 0.0 0.0
-1.923345 -1.806265 -10.007000 -0.472736 0.881204 0.000000 0.000000 0.000000 1.000000 0.0 0.0 0.0 0.0 0.0 0.0
-1.673505 -1.552126 -9.617237 -0.889138 0.457639 0.000000 0.000000 0.000000 1.000000 0.0 0.0 0.0 0.0 0.0 0.0
-1.611875 -1.201117 -9.227474 -0.991855 -0.127373 0.000000 0.000000 0.000000 1.000000 0.0 0.0 0.0 0.0 0.0 0.0
-1.760198 -0.877070 -8.837711 -0.744653 -0.667452 0.000000 0.000000 0.000000 1.000000 0.0 0.0 0.0 0.0 0.0 0.0
-2.066148 -0.694307 -8.447948 -0.234730 -0.972061 0.000000 0.000000 0.000000 1.000000 0.0 0.0 0.0 0.0 0.0 0.0
-2.421785 -0.717306 -8.058186 0.357999 -0.933722 0.000000 0.000000 0.000000 1.000000 0.0 0.0 0.0 0.0 0.0 0.0
-2.701642 -0.937960 -7.668423 0.824426 -0.565970 0.000000 0.000000 0.000000 1.000000 0.0 0.0 0.0 0.0 0.0 0.0
-2.806985 -1.278414 -7.278660 0.999999 0.001459 0.000000 0.000000 0.000000 1.000000 0.0 0.0 0.0 0.0 0.0 0.0
-2.700654 -1.618559 -6.888897 0.822780 0.568360 0.000000 0.000000 0.000000 1.000000 0.0 0.0 0.0 0.0 0.0 0.0
-2.420160 -1.838396 -6.499134 0.355292 0.934755 0.000000 0.000000 0.000000 1.000000 0.0 0.0 0.0 0.0 0.0 0.0
-2.120042 -1.871210 -6.109371 -0.144911 0.989445 0.000000 0.000000 0.000000 1.000000 0.0 0.0 0.0 0.0 0.0 0.0
-1.787698 -1.706724 -5.719608 -0.698814 0.715303 0.000000 0.000000 0.000000 1.000000 0.0 0.0 0.0 0.0 0.0 0.0
-1.615510 -1.378306 -5.329845 -0.985797 0.167943 0.000000 0.000000 0.000000 1.000000 0.0 0.0 0.0 0.0 0.0 0.0
-1.669244 -1.011400 -4.940083 -0.896241 -0.443567 0.000000 0.000000 0.000000 1.000000 0.0 0.0 0.0 0.0 0.0 0.0
-1.928380 -0.746149 -4.550320 -0.464343 -0.885656 0.000000 0.000000 0.000000 1.000000 0.0 0.0 0.0 0.0 0.0 0.0
-2.293931 -0.683874 -4.160557 0.144901 -0.989446 0.000000 0.000000 0.000000 1.000000 0.0 0.0 0.0 0.0 0.0 0.0
-2.626275 -0.848360 -3.770794 0.698814 -0.715303 0.000000 0.000000 0.000000 1.000000 0.0 0.0 0.0 0.0 0.0 0.0
-2.770803 -1.072329 -3.381031 0.939691 -0.342025 0.000000 0.000000 0.000000 1.000000 0.0 0.0 0.0 0.0 0.0 0.0
-2.782457 -1.447352 -2.991268 0.959117 0.283011 0.000000 0.000000 0.000000 1.000000 0.0 0.0 0.0 0.0 0.0 0.0
-2.569074 -1.755972 -2.601505 0.603473 0.797383 0.000000 0.000000 0.000000 1.000000 0.0 0.0 0.0 0.0 0.0 0.0
-2.214093 -1.877501 -2.211742 0.011845 0.999930 0.000000 0.000000 0.000000 1.000000 0.0 0.0 0.0 0.0 0.0 0.0
-1.856340 -1.764414 -1.821980 -0.584414 0.811456 0.000000 0.000000 0.000000 1.000000 0.0 0.0 0.0 0.0 0.0 0.0
-0.404523 -2.110678 -1.821980 0.676502 -0.736441 0.000000 0.000000 0.000000 -1.000000 0.0 0.0 0.0 0.0 0.0 0.0
-0.044950 -1.954332 -2.211742 0.077209 -0.997015 0.000000 0.000000 0.000000 -1.000000 0.0 0.0 0.0 0.0 0.0 0.0
0.334410 -2.053454 -2.601505 -0.555057 -0.831813 0.000000 0.000000 0.000000 -1.000000 0.0 0.0 0.0 0.0 0.0 0.0
0.571547 -2.365710 -2.991268 -0.950284 -0.311386 0.000000 0.000000 0.000000 -1.000000 0.0 0.0 0.0 0.0 0.0 0.0
0.565192 -2.757754 -3.381031 -0.939694 0.342016 0.000000 0.000000 0.000000 -1.000000 0.0 0.0 0.0 0.0 0.0 0.0
0.420665 -2.981726 -3.770794 -0.698814 0.715303 0.000000 0.000000 0.000000 -1.000000 0.0 0.0 0.0 0.0 0.0 0.0
0.103286 -3.143824 -4.160557 -0.169849 0.985470 0.000000 0.000000 0.000000 -1.000000 0.0 0.0 0.0 0.0 0.0 0.0
-0.250047 -3.097323 -4.550320 0.419037 0.907969 0.000000 0.000000 0.000000 -1.000000 0.0 0.0 0.0 0.0 0.0 0.0
-0.514680 -2.858622 -4.940083 0.860098 0.510129 0.000000 0.000000 0.000000 -1.000000 0.0 0.0 0.0 0.0 0.0 0.0
-0.597246 -2.511938 -5.329845 0.997708 -0.067673 0.000000 0.000000 0.000000 -1.000000 0.0 0.0 0.0 0.0 0.0 0.0
-0.468622 -2.179579 -5.719608 0.783330 -0.621606 0.000000 0.000000 0.000000 -1.000000 0.0 0.0 0.0 0.0 0.0 0.0
-0.174184 -1.978800 -6.109371 0.292604 -0.956234 0.000000 0.000000 0.000000 -1.000000 0.0 0.0 0.0 0.0 0.0 0.0
0.182193 -1.980436 -6.499134 -0.301360 -0.953510 0.000000 0.000000 0.000000 -1.000000 0.0 0.0 0.0 0.0 0.0 0.0
0.474776 -2.183905 -6.888897 -0.788997 -0.614397 0.000000 0.000000 0.000000 -1.000000 0.0 0.0 0.0 0.0 0.0 0.0
0.600348 -2.517431 -7.278660 -0.998286 -0.058517 0.000000 0.000000 0.000000 -1.000000 0.0 0.0 0.0 0.0 0.0 0.0
0.514605 -2.863344 -7.668423 -0.855377 0.518006 0.000000 0.000000 0.000000 -1.000000 0.0 0.0 0.0 0.0 0.0 0.0
0.247798 -3.099604 -8.058186 -0.410700 0.911770 0.000000 0.000000 0.000000 -1.000000 0.0 0.0 0.0 0.0 0.0 0.0
-0.105947 -3.142866 -8.447948 0.178870 0.983873 0.000000 0.000000 0.000000 -1.000000 0.0 0.0 0.0 0.0 0.0 0.0
-0.421830 -2.977862 -8.837711 0.705345 0.708864 0.000000 0.000000 0.000000 -1.000000 0.0 0.0 0.0 0.0 0.0 0.0
-0.575380 -2.717921 -9.227474 0.961264 0.275630 0.000000 0.000000 0.000000 -1.000000 0.0 0.0 0.0 0.0 0.0 0.0
-0.562436 -2.347327 -9.617237 0.939691 -0.342025 0.000000 0.000000 0.000000 -1.000000 0.0 0.0 0.0 0.0 0.0 0.0
-0.334138 -2.055117 -10.007000 0.559195 -0.829036 0.000000 0.000000 0.000000 -1.000000 0.0 0.0 0.0 0.0 0.0 0.0
0.022319 -1.952906 -10.396763 -0.034904 -0.999391 0.000000 0.000000 0.000000 -1.000000 0.0 0.0 0.0 0.0 0.0 0.0
0.370776 -2.079737 -10.786526 -0.615662 -0.788010 0.000000 0.000000 0.000000 -1.000000 0.0 0.0 0.0 0.0 0.0 0.0
0.578135 -2.387160 -11.176289 -0.961261 -0.275639 0.000000 0.000000 0.000000 -1.000000 0.0 0.0 0.0 0.0 0.0 0.0
0.565192 -2.757754 -11.566051 -0.939694 0.342016 0.000000 0.000000 0.000000 -1.000000 0.0 0.0 0.0 0.0 0.0 0.0
1.643138 -1.080164 -11.566051 0.944343 -0.328962 0.000000 0.000000 0.000000 1.000000 0.0 0.0 0.0 0.0 0.0 0.0
1.631373 -1.437193 -11.176289 0.963949 0.266086 0.000000 0.000000 0.000000 1.000000 0.0 0.0 0.0 0.0 0.0 0.0
1.824622 -1.737631 -10.786526 0.641871 0.766812 0.000000 0.000000 0.000000 1.000000 0.0 0.0 0.0 0.0 0.0 0.0
2.154383 -1.874983 -10.396763 0.092268 0.995734 0.000000 0.000000 0.000000 1.000000 0.0 0.0 0.0 0.0 0.0 0.0
2.503772 -1.800558 -10.007000 -0.490053 0.871693 0.000000 0.000000 0.000000 1.000000 0.0 0.0 0.0 0.0 0.0 0.0
2.748931 -1.540743 -9.617237 -0.898648 0.438671 0.000000 0.000000 0.000000 1.000000 0.0 0.0 0.0 0.0 0.0 0.0
2.802966 -1.187632 -9.227474 -0.988708 -0.149852 0.000000 0.000000 0.000000 1.000000 0.0 0.0 0.0 0.0 0.0 0.0
2.687728 -0.914869 -8.837711 -0.796639 -0.604455 0.000000 0.000000 0.000000 1.000000 0.0 0.0 0.0 0.0 0.0 0.0
2.389937 -0.705240 -8.447948 -0.300322 -0.953838 0.000000 0.000000 0.000000 1.000000 0.0 0.0 0.0 0.0 0.0 0.0
2.025767 -0.706442 -8.058186 0.306624 -0.951831 0.000000 0.000000 0.000000 1.000000 0.0 0.0 0.0 0.0 0.0 0.0
1.729369 -0.918039 -7.668423 0.800623 -0.599168 0.000000 0.000000 0.000000 1.000000 0.0 0.0 0.0 0.0 0.0 0.0
1.609942 -1.262072 -7.278660 0.999667 -0.025787 0.000000 0.000000 0.000000 1.000000 0.0 0.0 0.0 0.0 0.0 0.0
1.711478 -1.611807 -6.888897 0.830440 0.557108 0.000000 0.000000 0.000000 1.000000 0.0 0.0 0.0 0.0 0.0 0.0
1.996573 -1.838396 -6.499134 0.355284 0.934758 0.000000 0.000000 0.000000 1.000000 0.0 0.0 0.0 0.0 0.0 0.0
2.296691 -1.871210 -6.109371 -0.144920 0.989443 0.000000 0.000000 0.000000 1.000000 0.0 0.0 0.0 0.0 0.0 0.0
2.618708 -1.716570 -5.719608 -0.681610 0.731716 0.000000 0.000000 0.000000 1.000000 0.0 0.0 0.0 0.0 0.0 0.0
2.795760 -1.406313 -5.329845 -0.976697 0.214625 0.000000 0.000000 0.000000 1.000000 0.0 0.0 0.0 0.0 0.0 0.0
2.765090 -1.050406 -4.940083 -0.925577 -0.378560 0.000000 0.000000 0.000000 1.000000 0.0 0.0 0.0 0.0 0.0 0.0
2.537562 -0.775015 -4.550320 -0.546369 -0.837545 0.000000 0.000000 0.000000 1.000000 0.0 0.0 0.0 0.0 0.0 0.0
2.193835 -0.677752 -4.160557 0.026512 -0.999648 0.000000 0.000000 0.000000 1.000000 0.0 0.0 0.0 0.0 0.0 0.0
1.855746 -0.793097 -3.770794 0.589991 -0.807410 0.000000 0.000000 0.000000 1.000000 0.0 0.0 0.0 0.0 0.0 0.0
1.643138 -1.080164 -3.381031 0.944343 -0.328962 0.000000 0.000000 0.000000 1.000000 0.0 0.0 0.0 0.0 0.0 0.0
1.631373 -1.437193 -2.991268 0.963949 0.266086 0.000000 0.000000 0.000000 1.000000 0.0 0.0 0.0 0.0 0.0 0.0
1.824622 -1.737631 -2.601505 0.641871 0.766812 0.000000 0.000000 0.000000 1.000000 0.0 0.0 0.0 0.0 0.0 0.0
2.154383 -1.874983 -2.211742 0.092268 0.995734 0.000000 0.000000 0.000000 1.000000 0.0 0.0 0.0 0.0 0.0 0.0
2.503772 -1.800558 -1.821980 -0.490053 0.871693 0.000000 0.000000 0.000000 1.000000 0.0 0.0 0.0 0.0 0.0 0.0
2.748931 -1.540743 -1.432217 -0.898648 0.438671 0.000000 0.000000 0.000000 1.000000 0.0 0.0 0.0 0.0 0.0 0.0
2.802966 -1.187632 -1.042454 -0.988708 -0.149852 0.000000 0.000000 0.000000 1.000000 0.0 0.0 0.0 0.0 0.0 0.0
2.687728 -0.914869 -0.652691 -0.796639 -0.604455 0.000000 0.000000 0.000000 1.000000 0.0 0.0 0.0 0.0 0.0 0.0
2.456073 -0.730440 -0.262928 -0.410548 -0.911839 0.000000 0.000000 0.000000 1.000000 0.0 0.0 0.0 0.0 0.0 0.0
2.047236 0.694883 -0.262928 0.270842 0.962624 0.000000 0.000000 0.000000 -1.000000 0.0 0.0 0.0 0.0 0.0 0.0
1.750117 0.886785 -0.652691 0.766043 0.642789 0.000000 0.000000 0.000000 -1.000000 0.0 0.0 0.0 0.0 0.0 0.0
1.612723 1.212717 -1.042454 0.995030 0.099573 0.000000 0.000000 0.000000 -1.000000 0.0 0.0 0.0 0.0 0.0 0.0
1.682811 1.559412 -1.432217 0.878219 -0.478258 0.000000 0.000000 0.000000 -1.000000 0.0 0.0 0.0 0.0 0.0 0.0
1.936015 1.806383 -1.821980 0.456209 -0.889873 0.000000 0.000000 0.000000 -1.000000 0.0 0.0 0.0 0.0 0.0 0.0
2.284350 1.867803 -2.211742 -0.124349 -0.992239 0.000000 0.000000 0.000000 -1.000000 0.0 0.0 0.0 0.0 0.0 0.0
2.606753 1.722326 -2.601505 -0.661688 -0.749779 0.000000 0.000000 0.000000 -1.000000 0.0 0.0 0.0 0.0 0.0 0.0
2.791190 1.420511 -2.991268 -0.969078 -0.246754 0.000000 0.000000 0.000000 -1.000000 0.0 0.0 0.0 0.0 0.0 0.0
2.773558 1.067247 -3.381031 -0.939694 0.342016 0.000000 0.000000 0.000000 -1.000000 0.0 0.0 0.0 0.0 0.0 0.0
2.629031 0.843275 -3.770794 -0.698814 0.715303 0.000000 0.000000 0.000000 -1.000000 0.0 0.0 0.0 0.0 0.0 0.0
2.309413 0.680796 -4.160557 -0.166122 0.986105 0.000000 0.000000 0.000000 -1.000000 0.0 0.0 0.0 0.0 0.0 0.0
1.954203 0.729597 -4.550320 0.425901 0.904770 0.000000 0.000000 0.000000 -1.000000 0.0 0.0 0.0 0.0 0.0 0.0
1.690245 0.972254 -4.940083 0.865831 0.500336 0.000000 0.000000 0.000000 -1.000000 0.0 0.0 0.0 0.0 0.0 0.0
1.611800 1.322111 -5.329845 0.996570 -0.082750 0.000000 0.000000 0.000000 -1.000000 0.0 0.0 0.0 0.0 0.0 0.0
1.746878 1.654241 -5.719608 0.771439 -0.636303 0.000000 0.000000 0.000000 -1.000000 0.0 0.0 0.0 0.0 0.0 0.0
2.047248 1.850035 -6.109371 0.270824 -0.962629 0.000000 0.000000 0.000000 -1.000000 0.0 0.0 0.0 0.0 0.0 0.0
2.343261 1.857412 -6.499134 -0.222531 -0.974926 0.000000 0.000000 0.000000 -1.000000 0.0 0.0 0.0 0.0 0.0 0.0
2.655787 1.673761 -6.888897 -0.743407 -0.668839 0.000000 0.000000 0.000000 -1.000000 0.0 0.0 0.0 0.0 0.0 0.0
2.805506 1.343634 -7.278660 -0.992939 -0.118628 0.000000 0.000000 0.000000 -1.000000 0.0 0.0 0.0 0.0 0.0 0.0
2.737769 0.987528 -7.668423 -0.880048 0.474886 0.000000 0.000000 0.000000 -1.000000 0.0 0.0 0.0 0.0 0.0 0.0
2.477305 0.735418 -8.058186 -0.445935 0.895065 0.000000 0.000000 0.000000 -1.000000 0.0 0.0 0.0 0.0 0.0 0.0
2.119178 0.679335 -8.447948 0.150938 0.988543 0.000000 0.000000 0.000000 -1.000000 0.0 0.0 0.0 0.0 0.0 0.0
1.794104 0.839739 -8.837711 0.692730 0.721197 0.000000 0.000000 0.000000 -1.000000 0.0 0.0 0.0 0.0 0.0 0.0
1.620742 1.158087 -9.227474 0.981664 0.190620 0.000000 0.000000 0.000000 -1.000000 0.0 0.0 0.0 0.0 0.0 0.0
1.662368 1.518183 -9.617237 0.912294 -0.409536 0.000000 0.000000 0.000000 -1.000000 0.0 0.0 0.0 0.0 0.0 0.0
1.903785 1.788587 -10.007000 0.509930 -0.860216 0.000000 0.000000 0.000000 -1.000000 0.0 0.0 0.0 0.0 0.0 0.0
2.256877 1.870603 -10.396763 -0.078555 -0.996910 0.000000 0.000000 0.000000 -1.000000 0.0 0.0 0.0 0.0 0.0 0.0
2.592765 1.734297 -10.786526 -0.638370 -0.769729 0.000000 0.000000 0.000000 -1.000000 0.0 0.0 0.0 0.0 0.0 0.0
2.788848 1.429415 -11.176289 -0.965178 -0.261594 0.000000 0.000000 0.000000 -1.000000 0.0 0.0 0.0 0.0 0.0 0.0
-0.562436 2.752672 -11.566051 0.939690 -0.342028 0.000000 0.000000 0.000000 1.000000 0.0 0.0 0.0 0.0 0.0 0.0
-0.578798 2.394499 -11.176289 0.966960 0.254927 0.000000 0.000000 0.000000 1.000000 0.0 0.0 0.0 0.0 0.0 0.0
-0.387979 2.090948 -10.786526 0.648927 0.760850 0.000000 0.000000 0.000000 1.000000 0.0 0.0 0.0 0.0 0.0 0.0
-0.058118 1.950415 -10.396763 0.099163 0.995071 0.000000 0.000000 0.000000 1.000000 0.0 0.0 0.0 0.0 0.0 0.0
0.292987 2.023088 -10.007000 -0.486014 0.873951 0.000000 0.000000 0.000000 1.000000 0.0 0.0 0.0 0.0 0.0 0.0
0.539958 2.283010 -9.617237 -0.897631 0.440748 0.000000 0.000000 0.000000 1.000000 0.0 0.0 0.0 0.0 0.0 0.0
0.594603 2.637369 -9.227474 -0.988709 -0.149850 0.000000 0.000000 0.000000 1.000000 0.0 0.0 0.0 0.0 0.0 0.0
0.479361 2.910131 -8.837711 -0.796639 -0.604455 0.000000 0.000000 0.000000 1.000000 0.0 0.0 0.0 0.0 0.0 0.0
0.183257 3.119226 -8.447948 -0.303134 -0.952948 0.000000 0.000000 0.000000 1.000000 0.0 0.0 0.0 0.0 0.0 0.0
-0.179235 3.119627 -8.058186 0.301018 -0.953618 0.000000 0.000000 0.000000 1.000000 0.0 0.0 0.0 0.0 0.0 0.0
-0.475805 2.911184 -7.668423 0.795304 -0.606210 0.000000 0.000000 0.000000 1.000000 0.0 0.0 0.0 0.0 0.0 0.0
-0.598199 2.569982 -7.278660 0.999295 -0.037537 0.000000 0.000000 0.000000 1.000000 0.0 0.0 0.0 0.0 0.0 0.0
-0.501748 2.220556 -6.888897 0.838545 0.544833 0.000000 0.000000 0.000000 1.000000 0.0 0.0 0.0 0.0 0.0 0.0
-0.221654 1.990450 -6.499134 0.371723 0.928344 0.000000 0.000000 0.000000 1.000000 0.0 0.0 0.0 0.0 0.0 0.0
0.139846 1.963655 -6.109371 -0.230780 0.973006 0.000000 0.000000 0.000000 1.000000 0.0 0.0 0.0 0.0 0.0 0.0
0.450804 2.149946 -5.719608 -0.749046 0.662519 0.000000 0.000000 0.000000 1.000000 0.0 0.0 0.0 0.0 0.0 0.0
0.597724 2.481333 -5.329845 -0.993909 0.110206 0.000000 0.000000 0.000000 1.000000 0.0 0.0 0.0 0.0 0.0 0.0
0.526972 2.836855 -4.940083 -0.875989 -0.482331 0.000000 0.000000 0.000000 1.000000 0.0 0.0 0.0 0.0 0.0 0.0
0.264380 3.086744 -4.550320 -0.438338 -0.898810 0.000000 0.000000 0.000000 1.000000 0.0 0.0 0.0 0.0 0.0 0.0
-0.094209 3.139795 -4.160557 0.159312 -0.987228 0.000000 0.000000 0.000000 1.000000 0.0 0.0 0.0 0.0 0.0 0.0
-0.417909 2.976640 -3.770794 0.698809 -0.715308 0.000000 0.000000 0.000000 1.000000 0.0 0.0 0.0 0.0 0.0 0.0
-0.562436 2.752672 -3.381031 0.939690 -0.342028 0.000000 0.000000 0.000000 1.000000 0.0 0.0 0.0 0.0 0.0 0.0
-0.578798 2.394499 -2.991268 0.966960 0.254927 0.000000 0.000000 0.000000 1.000000 0.0 0.0 0.0 0.0 0.0 0.0
-0.387979 2.090948 -2.601505 0.648927 0.760850 0.000000 0.000000 0.000000 1.000000 0.0 0.0 0.0 0.0 0.0 0.0
-0.058118 1.950415 -2.211742 0.099163 0.995071 0.000000 0.000000 0.000000 1.000000 0.0 0.0 0.0 0.0 0.0 0.0
0.292987 2.023088 -1.821980 -0.486014 0.873951 0.000000 0.000000 0.000000 1.000000 0.0 0.0 0.0 0.0 0.0 0.0
0.539958 2.283010 -1.432217 -0.897631 0.440748 0.000000 0.000000 0.000000 1.000000 0.0 0.0 0.0 0.0 0.0 0.0
0.594603 2.637369 -1.042454 -0.988709 -0.149850 0.000000 0.000000 0.000000 1.000000 0.0 0.0 0.0 0.0 0.0 0.0
0.479361 2.910131 -0.652691 -0.796639 -0.604455 0.000000 0.000000 0.000000 1.000000 0.0 0.0 0.0 0.0 0.0 0.0
0.183257 3.119226 -0.262928 -0.303134 -0.952948 0.000000 0.000000 0.000000 1.000000 0.0 0.0 0.0 0.0 0.0 0.0
-0.179235 3.119627 0.126835 0.301018 -0.953618 0.000000 0.000000 0.000000 1.000000 0.0 0.0 0.0 0.0 0.0 0.0
-0.475805 2.911184 0.516598 0.795304 -0.606210 0.000000 0.000000 0.000000 1.000000 0.0 0.0 0.0 0.0 0.0 0.0
-0.598199 2.569982 0.906361 0.999295 -0.037537 0.000000 0.000000 0.000000 1.000000 0.0 0.0 0.0 0.0 0.0 0.0
-0.501748 2.220556 1.296124 0.838545 0.544833 0.000000 0.000000 0.000000 1.000000 0.0 0.0 0.0 0.0 0.0 0.0
-0.221654 1.990450 1.685886 0.371723 0.928344 0.000000 0.000000 0.000000 1.000000 0.0 0.0 0.0 0.0 0.0 0.0
0.139846 1.963655 2.075649 -0.230780 0.973006 0.000000 0.000000 0.000000 1.000000 0.0 0.0 0.0 0.0 0.0 0.0
0.450804 2.149946 2.465412 -0.749046 0.662519 0.000000 0.000000 0.000000 1.000000 0.0 0.0 0.0 0.0 0.0 0.0
0.597724 2.481333 2.855175 -0.993909 0.110206 0.000000 0.000000 0.000000 1.000000 0.0 0.0 0.0 0.0 0.0 0.0
0.526972 2.836855 3.244938 -0.875989 -0.482331 0.000000 0.000000 0.000000 1.000000 0.0 0.0 0.0 0.0 0.0 0.0
0.264380 3.086744 3.634701 -0.438338 -0.898810 0.000000 0.000000 0.000000 1.000000 0.0 0.0 0.0 0.0 0.0 0.0
-0.094209 3.139795 4.024464 0.159312 -0.987228 0.000000 0.000000 0.000000 1.000000 0.0 0.0 0.0 0.0 0.0 0.0
-0.417909 2.976640 4.414227 0.698809 -0.715308 0.000000 0.000000 0.000000 1.000000 0.0 0.0 0.0 0.0 0.0 0.0
-0.562436 2.752672 4.803989 0.939690 -0.342028 0.000000 0.000000 0.000000 1.000000 0.0 0.0 0.0 0.0 0.0 0.0
-0.578798 2.394499 5.193752 0.966960 0.254927 0.000000 0.000000 0.000000 1.000000 0.0 0.0 0.0 0.0 0.0 0.0
-0.387979 2.090948 5.583515 0.648927 0.760850 0.000000 0.000000 0.000000 1.000000 0.0 0.0 0.0 0.0 0.0 0.0
-0.058118 1.950415 5.973278 0.099163 0.995071 0.000000 0.000000 0.000000 1.000000 0.0 0.0 0.0 0.0 0.0 0.0
0.292987 2.023088 6.363041 -0.486014 0.873951 0.000000 0.000000 0.000000 1.000000 0.0 0.0 0.0 0.0 0.0 0.0
0.539958 2.283010 6.752804 -0.897631 0.440748 0.000000 0.000000 0.000000 1.000000 0.0 0.0 0.0 0.0 0.0 0.0
0.594603 2.637369 7.142567 -0.988709 -0.149850 0.000000 0.000000 0.000000 1.000000 0.0 0.0 0.0 0.0 0.0 0.0
0.479361 2.910131 7.532330 -0.796639 -0.604455 0.000000 0.000000 0.000000 1.000000 0.0 0.0 0.0 0.0 0.0 0.0
0.183257 3.119226 7.922092 -0.303134 -0.952948 0.000000 0.000000 0.000000 1.000000 0.0 0.0 0.0 0.0 0.0 0.0
-0.179235 3.119627 8.311855 0.301018 -0.953618 0.000000 0.000000 0.000000 1.000000 0.0 0.0 0.0 0.0 0.0 0.0
-0.475805 2.911184 8.701618 0.795304 -0.606210 0.000000 0.000000 0.000000 1.000000 0.0 0.0 0.0 0.0 0.0 0.0
-0.598199 2.569982 9.091381 0.999295 -0.037537 0.000000 0.000000 0.000000 1.000000 0.0 0.0 0.0 0.0 0.0 0.0
-0.501748 2.220556 9.481144 0.838545 0.544833 0.000000 0.000000 0.000000 1.000000 0.0 0.0 0.0 0.0 0.0 0.0
-0.221654 1.990450 9.870907 0.371723 0.928344 0.000000 0.000000 0.000000 1.000000 0.0 0.0 0.0 0.0 0.0 0.0
0.139846 1.963655 10.260670 -0.230780 0.973006 0.000000 0.000000 0.000000 1.000000 0.0 0.0 0.0 0.0 0.0 0.0
0.450804 2.149946 10.650433 -0.749046 0.662519 0.000000 0.000000 0.000000 1.000000 0.0 0.0 0.0 0.0 0.0 0.0
0.597724 2.481333 11.040195 -0.993909 0.110206 0.000000 0.000000 0.000000 1.000000 0.0 0.0 0.0 0.0 0.0 0.0
0.526972 2.836855 11.429958 -0.875989 -0.482331 0.000000 0.000000 0.000000 1.000000 0.0 0.0 0.0 0.0 0.0 0.0
0.264380 3.086744 11.819717 -0.438338 -0.898810 0.000000 0.000000 0.000000 1.000000 0.0 0.0 0.0 0.0 0.0 0.0
-0.094209 3.139795 12.209480 0.159312 -0.987228 0.000000 0.000000 0.000000 1.000000 0.0 0.0 0.0 0.0 0.0 0.0
-0.417909 2.976640 12.599243 0.698809 -0.715308 0.000000 0.000000 0.000000 1.000000 0.0 0.0 0.0 0.0 0.0 0.0
2.309413 0.680796 12.209480 -0.166122 0.986105 0.000000 0.000000 0.000000 -1.000000 0.0 0.0 0.0 0.0 0.0 0.0
1.954203 0.729597 11.819717 0.425901 0.904770 0.000000 0.000000 0.000000 -1.000000 0.0 0.0 0.0 0.0 0.0 0.0
1.690245 0.972254 11.429958 0.865831 0.500336 0.000000 0.000000 0.000000 -1.000000 0.0 0.0 0.0 0.0 0.0 0.0
1.611800 1.322111 11.040195 0.996570 -0.082750 0.000000 0.000000 0.000000 -1.000000 0.0 0.0 0.0 0.0 0.0 0.0
1.746878 1.654241 10.650433 0.771439 -0.636303 0.000000 0.000000 0.000000 -1.000000 0.0 0.0 0.0 0.0 0.0 0.0
2.047248 1.850035 10.260670 0.270824 -0.962629 0.000000 0.000000 0.000000 -1.000000 0.0 0.0 0.0 0.0 0.0 0.0
2.343261 1.857412 9.870907 -0.222531 -0.974926 0.000000 0.000000 0.000000 -1.000000 0.0 0.0 0.0 0.0 0.0 0.0
2.655787 1.673761 9.481144 -0.743407 -0.668839 0.000000 0.000000 0.000000 -1.000000 0.0 0.0 0.0 0.0 0.0 0.0
2.805506 1.343634 9.091381 -0.992939 -0.118628 0.000000 0.000000 0.000000 -1.000000 0.0 0.0 0.0 0.0 0.0 0.0
2.737769 0.987528 8.701618 -0.880048 0.474886 0.000000 0.000000 0.000000 -1.000000 0.0 0.0 0.0 0.0 0.0 0.0
2.477305 0.735418 8.311855 -0.445935 0.895065 0.000000 0.000000 0.000000 -1.000000 0.0 0.0 0.0 0.0 0.0 0.0
2.119178 0.679335 7.922092 0.150938 0.988543 0.000000 0.000000 0.000000 -1.000000 0.0 0.0 0.0 0.0 0.0 0.0
1.794104 0.839739 7.532330 0.692730 0.721197 0.000000 0.000000 0.000000 -1.000000 0.0 0.0 0.0 0.0 0.0 0.0
1.620742 1.158087 7.142567 0.981664 0.190620 0.000000 0.000000 0.000000 -1.000000 0.0 0.0 0.0 0.0 0.0 0.0
1.662368 1.518183 6.752804 0.912294 -0.409536 0.000000 0.000000 0.000000 -1.000000 0.0 0.0 0.0 0.0 0.0 0.0
1.903785 1.788587 6.363041 0.509930 -0.860216 0.000000 0.000000 0.000000 -1.000000 0.0 0.0 0.0 0.0 0.0 0.0
2.256877 1.870603 5.973278 -0.078555 -0.996910 0.000000 0.000000 0.000000 -1.000000 0.0 0.0 0.0 0.0 0.0 0.0
2.592765 1.734297 5.583515 -0.638370 -0.769729 0.000000 0.000000 0.000000 -1.000000 0.0 0.0 0.0 0.0 0.0 0.0
2.788848 1.429415 5.193752 -0.965178 -0.261594 0.000000 0.000000 0.000000 -1.000000 0.0 0.0 0.0 0.0 0.0 0.0
2.773558 1.067247 4.803989 -0.939694 0.342016 0.000000 0.000000 0.000000 -1.000000 0.0 0.0 0.0 0.0 0.0 0.0
2.629031 0.843275 4.414227 -0.698814 0.715303 0.000000 0.000000 0.000000 -1.000000 0.0 0.0 0.0 0.0 0.0 0.0
2.309413 0.680796 4.024464 -0.166122 0.986105 0.000000 0.000000 0.000000 -1.000000 0.0 0.0 0.0 0.0 0.0 0.0
1.954203 0.729597 3.634701 0.425901 0.904770 0.000000 0.000000 0.000000 -1.000000 0.0 0.0 0.0 0.0 0.0 0.0
1.690245 0.972254 3.244938 0.865831 0.500336 0.000000 0.000000 0.000000 -1.000000 0.0 0.0 0.0 0.0 0.0 0.0
1.611800 1.322111 2.855175 0.996570 -0.082750 0.000000 0.000000 0.000000 -1.000000 0.0 0.0 0.0 0.0 0.0 0.0
1.746878 1.654241 2.465412 0.771439 -0.636303 0.000000 0.000000 0.000000 -1.000000 0.0 0.0 0.0 0.0 0.0 0.0
2.047248 1.850035 2.075649 0.270824 -0.962629 0.000000 0.000000 0.000000 -1.000000 0.0 0.0 0.0 0.0 0.0 0.0
2.343261 1.857412 1.685886 -0.222531 -0.974926 0.000000 0.000000 0.000000 -1.000000 0.0 0.0 0.0 0.0 0.0 0.0
2.673194 1.653524 1.296124 -0.772421 -0.635111 0.000000 0.000000 0.000000 -1.000000 0.0 0.0 0.0 0.0 0.0 0.0
2.809474 1.290407 0.906361 -0.999552 -0.029917 0.000000 0.000000 0.000000 -1.000000 0.0 0.0 0.0 0.0 0.0 0.0
2.695151 0.919786 0.516598 -0.809014 0.587789 0.000000 0.000000 0.000000 -1.000000 0.0 0.0 0.0 0.0 0.0 0.0
2.377997 0.696531 0.126835 -0.280426 0.959876 0.000000 0.000000 0.000000 -1.000000 0.0 0.0 0.0 0.0 0.0 0.0
-2.620286 1.707411 -11.955814 0.688828 -0.724925 0.000000 0.000000 0.000000 1.000000 0.0 0.0 0.0 0.0 0.0 0.0
-2.794255 1.395410 -11.566051 0.978778 -0.204924 0.000000 0.000000 0.000000 1.000000 0.0 0.0 0.0 0.0 0.0 0.0
-2.760053 1.039827 -11.176289 0.921778 0.387718 0.000000 0.000000 0.000000 1.000000 0.0 0.0 0.0 0.0 0.0 0.0
-2.529809 0.766703 -10.786526 0.538034 0.842923 0.000000 0.000000 0.000000 1.000000 0.0 0.0 0.0 0.0 0.0 0.0
-2.185132 0.672857 -10.396763 -0.036421 0.999337 0.000000 0.000000 0.000000 1.000000 0.0 0.0 0.0 0.0 0.0 0.0
-1.848203 0.791548 -10.007000 -0.597973 0.801516 0.000000 0.000000 0.000000 1.000000 0.0 0.0 0.0 0.0 0.0 0.0
-1.638452 1.080709 -9.617237 -0.947561 0.319576 0.000000 0.000000 0.000000 1.000000 0.0 0.0 0.0 0.0 0.0 0.0
-1.630231 1.437837 -9.227474 -0.961263 -0.275633 0.000000 0.000000 0.000000 1.000000 0.0 0.0 0.0 0.0 0.0 0.0
-0.591848 2.457548 -9.227474 0.988709 0.149850 0.000000 0.000000 0.000000 -1.000000 0.0 0.0 0.0 0.0 0.0 0.0
-0.537202 2.811903 -9.617237 0.897635 -0.440740 0.000000 0.000000 0.000000 -1.000000 0.0 0.0 0.0 0.0 0.0 0.0
-0.290231 3.071829 -10.007000 0.486014 -0.873951 0.000000 0.000000 0.000000 -1.000000 0.0 0.0 0.0 0.0 0.0 0.0
0.060874 3.144502 -10.396763 -0.099163 -0.995071 0.000000 0.000000 0.000000 -1.000000 0.0 0.0 0.0 0.0 0.0 0.0
0.390731 3.003969 -10.786526 -0.648922 -0.760855 0.000000 0.000000 0.000000 -1.000000 0.0 0.0 0.0 0.0 0.0 0.0
0.581553 2.700418 -11.176289 -0.966958 -0.254936 0.000000 0.000000 0.000000 -1.000000 0.0 0.0 0.0 0.0 0.0 0.0
0.565192 2.342245 -11.566051 -0.939691 0.342025 0.000000 0.000000 0.000000 -1.000000 0.0 0.0 0.0 0.0 0.0 0.0
2.372237 0.694879 -6.109371 -0.270824 0.962629 0.000000 0.000000 0.000000 1.000000 0.0 0.0 0.0 0.0 0.0 0.0
2.672606 0.890676 -5.719608 -0.771439 0.636303 0.000000 0.000000 0.000000 1.000000 0.0 0.0 0.0 0.0 0.0 0.0
2.807685 1.222803 -5.329845 -0.996570 0.082760 0.000000 0.000000 0.000000 1.000000 0.0 0.0 0.0 0.0 0.0 0.0
2.729239 1.572664 -4.940083 -0.865827 -0.500343 0.000000 0.000000 0.000000 1.000000 0.0 0.0 0.0 0.0 0.0 0.0
2.465281 1.815321 -4.550320 -0.425901 -0.904770 0.000000 0.000000 0.000000 1.000000 0.0 0.0 0.0 0.0 0.0 0.0
2.110072 1.864122 -4.160557 0.166120 -0.986106 0.000000 0.000000 0.000000 1.000000 0.0 0.0 0.0 0.0 0.0 0.0
1.790454 1.701639 -3.770794 0.698814 -0.715303 0.000000 0.000000 0.000000 1.000000 0.0 0.0 0.0 0.0 0.0 0.0
0.420665 2.118276 -3.770794 -0.698814 0.715303 0.000000 0.000000 0.000000 -1.000000 0.0 0.0 0.0 0.0 0.0 0.0
0.096965 1.955122 -4.160557 -0.159312 0.987228 0.000000 0.000000 0.000000 -1.000000 0.0 0.0 0.0 0.0 0.0 0.0
-0.261625 2.008173 -4.550320 0.438338 0.898810 0.000000 0.000000 0.000000 -1.000000 0.0 0.0 0.0 0.0 0.0 0.0
-0.524217 2.258062 -4.940083 0.875989 0.482331 0.000000 0.000000 0.000000 -1.000000 0.0 0.0 0.0 0.0 0.0 0.0
-0.594968 2.613584 -5.329845 0.993909 -0.110206 0.000000 0.000000 0.000000 -1.000000 0.0 0.0 0.0 0.0 0.0 0.0
-0.448049 2.944967 -5.719608 0.749046 -0.662519 0.000000 0.000000 0.000000 -1.000000 0.0 0.0 0.0 0.0 0.0 0.0
-0.137090 3.131262 -6.109371 0.230780 -0.973006 0.000000 0.000000 0.000000 -1.000000 0.0 0.0 0.0 0.0 0.0 0.0
0.224410 3.104463 -6.499134 -0.371723 -0.928344 0.000000 0.000000 0.000000 -1.000000 0.0 0.0 0.0 0.0 0.0 0.0
0.504504 2.874361 -6.888897 -0.838540 -0.544840 0.000000 0.000000 0.000000 -1.000000 0.0 0.0 0.0 0.0 0.0 0.0
0.600955 2.524935 -7.278660 -0.999295 0.037537 0.000000 0.000000 0.000000 -1.000000 0.0 0.0 0.0 0.0 0.0 0.0
0.478560 2.183729 -7.668423 -0.795304 0.606210 0.000000 0.000000 0.000000 -1.000000 0.0 0.0 0.0 0.0 0.0 0.0
0.181990 1.975286 -8.058186 -0.301018 0.953618 0.000000 0.000000 0.000000 -1.000000 0.0 0.0 0.0 0.0 0.0 0.0
-0.180501 1.975691 -8.447948 0.303137 0.952947 0.000000 0.000000 0.000000 -1.000000 0.0 0.0 0.0 0.0 0.0 0.0
-0.476606 2.184786 -8.837711 0.796636 0.604460 0.000000 0.000000 0.000000 -1.000000 0.0 0.0 0.0 0.0 0.0 0.0
-1.783780 1.697779 -8.837711 -0.705345 -0.708864 0.000000 0.000000 0.000000 1.000000 0.0 0.0 0.0 0.0 0.0 0.0
-2.107709 1.864187 -8.447948 -0.165463 -0.986216 0.000000 0.000000 0.000000 1.000000 0.0 0.0 0.0 0.0 0.0 0.0
-2.468213 1.812609 -8.058186 0.435380 -0.900247 0.000000 0.000000 0.000000 1.000000 0.0 0.0 0.0 0.0 0.0 0.0
-2.732480 1.562036 -7.668423 0.875824 -0.482630 0.000000 0.000000 0.000000 1.000000 0.0 0.0 0.0 0.0 0.0 0.0
-2.803159 1.204786 -7.278660 0.993619 0.112791 0.000000 0.000000 0.000000 1.000000 0.0 0.0 0.0 0.0 0.0 0.0
-2.654210 0.872469 -6.888897 0.745373 0.666647 0.000000 0.000000 0.000000 1.000000 0.0 0.0 0.0 0.0 0.0 0.0
-2.340505 0.687502 -6.499134 0.222529 0.974926 0.000000 0.000000 0.000000 1.000000 0.0 0.0 0.0 0.0 0.0 0.0
0.424582 -2.127222 -8.837711 -0.705340 -0.708869 0.000000 0.000000 0.000000 1.000000 0.0 0.0 0.0 0.0 0.0 0.0
0.108702 -1.962217 -8.447948 -0.178870 -0.983873 0.000000 0.000000 0.000000 1.000000 0.0 0.0 0.0 0.0 0.0 0.0
-0.245042 -2.005480 -8.058186 0.410700 -0.911770 0.000000 0.000000 0.000000 1.000000 0.0 0.0 0.0 0.0 0.0 0.0
-0.511850 -2.241740 -7.668423 0.855377 -0.518006 0.000000 0.000000 0.000000 1.000000 0.0 0.0 0.0 0.0 0.0 0.0
-0.597593 -2.587652 -7.278660 0.998286 0.058518 0.000000 0.000000 0.000000 1.000000 0.0 0.0 0.0 0.0 0.0 0.0
-0.472024 -2.921179 -6.888897 0.789000 0.614393 0.000000 0.000000 0.000000 1.000000 0.0 0.0 0.0 0.0 0.0 0.0
-0.179437 -3.124647 -6.499134 0.301360 0.953510 0.000000 0.000000 0.000000 1.000000 0.0 0.0 0.0 0.0 0.0 0.0
0.176940 -3.126284 -6.109371 -0.292604 0.956234 0.000000 0.000000 0.000000 1.000000 0.0 0.0 0.0 0.0 0.0 0.0
0.471377 -2.925505 -5.719608 -0.783330 0.621606 0.000000 0.000000 0.000000 1.000000 0.0 0.0 0.0 0.0 0.0 0.0
0.600001 -2.593146 -5.329845 -0.997708 0.067673 0.000000 0.000000 0.000000 1.000000 0.0 0.0 0.0 0.0 0.0 0.0
0.517436 -2.246462 -4.940083 -0.860098 -0.510129 0.000000 0.000000 0.000000 1.000000 0.0 0.0 0.0 0.0 0.0 0.0
0.252803 -2.007761 -4.550320 -0.419045 -0.907966 0.000000 0.000000 0.000000 1.000000 0.0 0.0 0.0 0.0 0.0 0.0
-0.100530 -1.961260 -4.160557 0.169849 -0.985470 0.000000 0.000000 0.000000 1.000000 0.0 0.0 0.0 0.0 0.0 0.0
-0.417909 -2.123358 -3.770794 0.698809 -0.715308 0.000000 0.000000 0.000000 1.000000 0.0 0.0 0.0 0.0 0.0 0.0
-1.787698 -1.706724 -3.770794 -0.698814 0.715303 0.000000 0.000000 0.000000 -1.000000 0.0 0.0 0.0 0.0 0.0 0.0
-2.120042 -1.871210 -4.160557 -0.144911 0.989445 0.000000 0.000000 0.000000 -1.000000 0.0 0.0 0.0 0.0 0.0 0.0
-2.485597 -1.808935 -4.550320 0.464350 0.885652 0.000000 0.000000 0.000000 -1.000000 0.0 0.0 0.0 0.0 0.0 0.0
-2.744729 -1.543684 -4.940083 0.896238 0.443574 0.000000 0.000000 0.000000 -1.000000 0.0 0.0 0.0 0.0 0.0 0.0
-2.798467 -1.176779 -5.329845 0.985797 -0.167941 0.000000 0.000000 0.000000 -1.000000 0.0 0.0 0.0 0.0 0.0 0.0
-2.626275 -0.848360 -5.719608 0.698814 -0.715303 0.000000 0.000000 0.000000 -1.000000 0.0 0.0 0.0 0.0 0.0 0.0
-2.293935 -0.683874 -6.109371 0.144911 -0.989445 0.000000 0.000000 0.000000 -1.000000 0.0 0.0 0.0 0.0 0.0 0.0
-2.044492 0.694879 -6.109371 -0.270824 0.962629 0.000000 0.000000 0.000000 1.000000 0.0 0.0 0.0 0.0 0.0 0.0
-1.745008 0.889608 -5.719608 -0.769967 0.638084 0.000000 0.000000 0.000000 1.000000 0.0 0.0 0.0 0.0 0.0 0.0
-1.609281 1.220041 -5.329845 -0.996176 0.087366 0.000000 0.000000 0.000000 1.000000 0.0 0.0 0.0 0.0 0.0 0.0
-1.685422 1.569055 -4.940083 -0.869275 -0.494328 0.000000 0.000000 0.000000 1.000000 0.0 0.0 0.0 0.0 0.0 0.0
-1.946443 1.812937 -4.550320 -0.434247 -0.900794 0.000000 0.000000 0.000000 1.000000 0.0 0.0 0.0 0.0 0.0 0.0
-2.299817 1.865232 -4.160557 0.154715 -0.987959 0.000000 0.000000 0.000000 1.000000 0.0 0.0 0.0 0.0 0.0 0.0
-2.620286 1.707411 -3.770794 0.688828 -0.724925 0.000000 0.000000 0.000000 1.000000 0.0 0.0 0.0 0.0 0.0 0.0
-2.794255 1.395410 -3.381031 0.978778 -0.204924 0.000000 0.000000 0.000000 1.000000 0.0 0.0 0.0 0.0 0.0 0.0
-2.760053 1.039827 -2.991268 0.921778 0.387718 0.000000 0.000000 0.000000 1.000000 0.0 0.0 0.0 0.0 0.0 0.0
-2.529809 0.766703 -2.601505 0.538034 0.842923 0.000000 0.000000 0.000000 1.000000 0.0 0.0 0.0 0.0 0.0 0.0
-2.185132 0.672857 -2.211742 -0.036421 0.999337 0.000000 0.000000 0.000000 1.000000 0.0 0.0 0.0 0.0 0.0 0.0
-1.848203 0.791548 -1.821980 -0.597973 0.801516 0.000000 0.000000 0.000000 1.000000 0.0 0.0 0.0 0.0 0.0 0.0
-1.638452 1.080709 -1.432217 -0.947561 0.319576 0.000000 0.000000 0.000000 1.000000 0.0 0.0 0.0 0.0 0.0 0.0
-1.630231 1.437837 -1.042454 -0.961263 -0.275633 0.000000 0.000000 0.000000 1.000000 0.0 0.0 0.0 0.0 0.0 0.0
-0.591848 2.457548 -1.042454 0.988709 0.149850 0.000000 0.000000 0.000000 -1.000000 0.0 0.0 0.0 0.0 0.0 0.0
-0.537202 2.811903 -1.432217 0.897635 -0.440740 0.000000 0.000000 0.000000 -1.000000 0.0 0.0 0.0 0.0 0.0 0.0
-0.290231 3.071829 -1.821980 0.486014 -0.873951 0.000000 0.000000 0.000000 -1.000000 0.0 0.0 0.0 0.0 0.0 0.0
0.060874 3.144502 -2.211742 -0.099163 -0.995071 0.000000 0.000000 0.000000 -1.000000 0.0 0.0 0.0 0.0 0.0 0.0
0.390731 3.003969 -2.601505 -0.648922 -0.760855 0.000000 0.000000 0.000000 -1.000000 0.0 0.0 0.0 0.0 0.0 0.0
0.581553 2.700418 -2.991268 -0.966958 -0.254936 0.000000 0.000000 0.000000 -1.000000 0.0 0.0 0.0 0.0 0.0 0.0
0.565192 2.342245 -3.381031 -0.939691 0.342025 0.000000 0.000000 0.000000 -1.000000 0.0 0.0 0.0 0.0 0.0 0.0
2.372237 0.694879 2.075649 -0.270824 0.962629 0.000000 0.000000 0.000000 1.000000 0.0 0.0 0.0 0.0 0.0 0.0
2.672606 0.890676 2.465412 -0.771439 0.636303 0.000000 0.000000 0.000000 1.000000 0.0 0.0 0.0 0.0 0.0 0.0
2.807685 1.222803 2.855175 -0.996570 0.082760 0.000000 0.000000 0.000000 1.000000 0.0 0.0 0.0 0.0 0.0 0.0
2.729239 1.572664 3.244938 -0.865827 -0.500343 0.000000 0.000000 0.000000 1.000000 0.0 0.0 0.0 0.0 0.0 0.0
2.465281 1.815321 3.634701 -0.425901 -0.904770 0.000000 0.000000 0.000000 1.000000 0.0 0.0 0.0 0.0 0.0 0.0
2.110072 1.864122 4.024464 0.166120 -0.986106 0.000000 0.000000 0.000000 1.000000 0.0 0.0 0.0 0.0 0.0 0.0
1.790454 1.701639 4.414227 0.698814 -0.715303 0.000000 0.000000 0.000000 1.000000 0.0 0.0 0.0 0.0 0.0 0.0
0.420665 2.118276 4.414227 -0.698814 0.715303 0.000000 0.000000 0.000000 -1.000000 0.0 0.0 0.0 0.0 0.0 0.0
0.096965 1.955122 4.024464 -0.159312 0.987228 0.000000 0.000000 0.000000 -1.000000 0.0 0.0 0.0 0.0 0.0 0.0
-0.261625 2.008173 3.634701 0.438338 0.898810 0.000000 0.000000 0.000000 -1.000000 0.0 0.0 0.0 0.0 0.0 0.0
-0.524217 2.258062 3.244938 0.875989 0.482331 0.000000 0.000000 0.000000 -1.000000 0.0 0.0 0.0 0.0 0.0 0.0
-0.594968 2.613584 2.855175 0.993909 -0.110206 0.000000 0.000000 0.000000 -1.000000 0.0 0.0 0.0 0.0 0.0 0.0
-0.448049 2.944967 2.465412 0.749046 -0.662519 0.000000 0.000000 0.000000 -1.000000 0.0 0.0 0.0 0.0 0.0 0.0
-0.137090 3.131262 2.075649 0.230780 -0.973006 0.000000 0.000000 0.000000 -1.000000 0.0 0.0 0.0 0.0 0.0 0.0
0.224410 3.104463 1.685886 -0.371723 -0.928344 0.000000 0.000000 0.000000 -1.000000 0.0 0.0 0.0 0.0 0.0 0.0
0.504504 2.874361 1.296124 -0.838540 -0.544840 0.000000 0.000000 0.000000 -1.000000 0.0 0.0 0.0 0.0 0.0 0.0
0.600955 2.524935 0.906361 -0.999295 0.037537 0.000000 0.000000 0.000000 -1.000000 0.0 0.0 0.0 0.0 0.0 0.0
0.478560 2.183729 0.516598 -0.795304 0.606210 0.000000 0.000000 0.000000 -1.000000 0.0 0.0 0.0 0.0 0.0 0.0
0.181990 1.975286 0.126835 -0.301018 0.953618 0.000000 0.000000 0.000000 -1.000000 0.0 0.0 0.0 0.0 0.0 0.0
-0.180501 1.975691 -0.262928 0.303137 0.952947 0.000000 0.000000 0.000000 -1.000000 0.0 0.0 0.0 0.0 0.0 0.0
-0.476606 2.184786 -0.652691 0.796636 0.604460 0.000000 0.000000 0.000000 -1.000000 0.0 0.0 0.0 0.0 0.0 0.0
-1.783780 1.697779 -0.652691 -0.705345 -0.708864 0.000000 0.000000 0.000000 1.000000 0.0 0.0 0.0 0.0 0.0 0.0
-2.107709 1.864187 -0.262928 -0.165463 -0.986216 0.000000 0.000000 0.000000 1.000000 0.0 0.0 0.0 0.0 0.0 0.0
-2.468213 1.812609 0.126835 0.435380 -0.900247 0.000000 0.000000 0.000000 1.000000 0.0 0.0 0.0 0.0 0.0 0.0
-2.732480 1.562036 0.516598 0.875824 -0.482630 0.000000 0.000000 0.000000 1.000000 0.0 0.0 0.0 0.0 0.0 0.0
-2.803159 1.204786 0.906361 0.993619 0.112791 0.000000 0.000000 0.000000 1.000000 0.0 0.0 0.0 0.0 0.0 0.0
-2.654210 0.872469 1.296124 0.745373 0.666647 0.000000 0.000000 0.000000 1.000000 0.0 0.0 0.0 0.0 0.0 0.0
-2.340505 0.687502 1.685886 0.222529 0.974926 0.000000 0.000000 0.000000 1.000000 0.0 0.0 0.0 0.0 0.0 0.0
0.424582 -2.127222 -0.652691 -0.705340 -0.708869 0.000000 0.000000 0.000000 1.000000 0.0 0.0 0.0 0.0 0.0 0.0
0.108702 -1.962217 -0.262928 -0.178870 -0.983873 0.000000 0.000000 0.000000 1.000000 0.0 0.0 0.0 0.0 0.0 0.0
-0.245042 -2.005480 0.126835 0.410700 -0.911770 0.000000 0.000000 0.000000 1.000000 0.0 0.0 0.0 0.0 0.0 0.0
-0.511850 -2.241740 0.516598 0.855377 -0.518006 0.000000 0.000000 0.000000 1.000000 0.0 0.0 0.0 0.0 0.0 0.0
-0.597593 -2.587652 0.906361 0.998286 0.058518 0.000000 0.000000 0.000000 1.000000 0.0 0.0 0.0 0.0 0.0 0.0
-0.472024 -2.921179 1.296124 0.789000 0.614393 0.000000 0.000000 0.000000 1.000000 0.0 0.0 0.0 0.0 0.0 0.0
-0.179437 -3.124647 1.685886 0.301360 0.953510 0.000000 0.000000 0.000000 1.000000 0.0 0.0 0.0 0.0 0.0 0.0
0.176940 -3.126284 2.075649 -0.292604 0.956234 0.000000 0.000000 0.000000 1.000000 0.0 0.0 0.0 0.0 0.0 0.0
0.471377 -2.925505 2.465412 -0.783330 0.621606 0.000000 0.000000 0.000000 1.000000 0.0 0.0 0.0 0.0 0.0 0.0
0.600001 -2.593146 2.855175 -0.997708 0.067673 0.000000 0.000000 0.000000 1.000000 0.0 0.0 0.0 0.0 0.0 0.0
0.517436 -2.246462 3.244938 -0.860098 -0.510129 0.000000 0.000000 0.000000 1.000000 0.0 0.0 0.0 0.0 0.0 0.0
0.252803 -2.007761 3.634701 -0.419045 -0.907966 0.000000 0.000000 0.000000 1.000000 0.0 0.0 0.0 0.0 0.0 0.0
-0.100530 -1.961260 4.024464 0.169849 -0.985470 0.000000 0.000000 0.000000 1.000000 0.0 0.0 0.0 0.0 0.0 0.0
-0.417909 -2.123358 4.414227 0.698809 -0.715308 0.000000 0.000000 0.000000 1.000000 0.0 0.0 0.0 0.0 0.0 0.0
-1.787698 -1.706724 4.414227 -0.698814 0.715303 0.000000 0.000000 0.000000 -1.000000 0.0 0.0 0.0 0.0 0.0 0.0
-2.120042 -1.871210 4.024464 -0.144911 0.989445 0.000000 0.000000 0.000000 -1.000000 0.0 0.0 0.0 0.0 0.0 0.0
-2.485597 -1.808935 3.634701 0.464350 0.885652 0.000000 0.000000 0.000000 -1.000000 0.0 0.0 0.0 0.0 0.0 0.0
-2.744729 -1.543684 3.244938 0.896238 0.443574 0.000000 0.000000 0.000000 -1.000000 0.0 0.0 0.0 0.0 0.0 0.0
-2.798467 -1.176779 2.855175 0.985797 -0.167941 0.000000 0.000000 0.000000 -1.000000 0.0 0.0 0.0 0.0 0.0 0.0
-2.626275 -0.848360 2.465412 0.698814 -0.715303 0.000000 0.000000 0.000000 -1.000000 0.0 0.0 0.0 0.0 0.0 0.0
-2.293935 -0.683874 2.075649 0.144911 -0.989445 0.000000 0.000000 0.000000 -1.000000 0.0 0.0 0.0 0.0 0.0 0.0
-2.044492 0.694879 2.075649 -0.270824 0.962629 0.000000 0.000000 0.000000 1.000000 0.0 0.0 0.0 0.0 0.0 0.0
-1.745008 0.889608 2.465412 -0.769967 0.638084 0.000000 0.000000 0.000000 1.000000 0.0 0.0 0.0 0.0 0.0 0.0
-1.609281 1.220041 2.855175 -0.996176 0.087366 0.000000 0.000000 0.000000 1.000000 0.0 0.0 0.0 0.0 0.0 0.0
-1.685422 1.569055 3.244938 -0.869275 -0.494328 0.000000 0.000000 0.000000 1.000000 0.0 0.0 0.0 0.0 0.0 0.0
-1.946443 1.812937 3.634701 -0.434247 -0.900794 0.000000 0.000000 0.000000 1.000000 0.0 0.0 0.0 0.0 0.0 0.0
-2.299817 1.865232 4.024464 0.154715 -0.987959 0.000000 0.000000 0.000000 1.000000 0.0 0.0 0.0 0.0 0.0 0.0
-2.620286 1.707411 4.414227 0.688828 -0.724925 0.000000 0.000000 0.000000 1.000000 0.0 0.0 0.0 0.0 0.0 0.0
-2.794255 1.395410 4.803989 0.978778 -0.204924 0.000000 0.000000 0.000000 1.000000 0.0 0.0 0.0 0.0 0.0 0.0
-2.760053 1.039827 5.193752 0.921778 0.387718 0.000000 0.000000 0.000000 1.000000 0.0 0.0 0.0 0.0 0.0 0.0
-2.529809 0.766703 5.583515 0.538034 0.842923 0.000000 0.000000 0.000000 1.000000 0.0 0.0 0.0 0.0 0.0 0.0
-2.185132 0.672857 5.973278 -0.036421 0.999337 0.000000 0.000000 0.000000 1.000000 0.0 0.0 0.0 0.0 0.0 0.0
-1.848203 0.791548 6.363041 -0.597973 0.801516 0.000000 0.000000 0.000000 1.000000 0.0 0.0 0.0 0.0 0.0 0.0
-1.638452 1.080709 6.752804 -0.947561 0.319576 0.000000 0.000000 0.000000 1.000000 0.0 0.0 0.0 0.0 0.0 0.0
-1.630231 1.437837 7.142567 -0.961263 -0.275633 0.000000 0.000000 0.000000 1.000000 0.0 0.0 0.0 0.0 0.0 0.0
-0.591848 2.457548 7.142567 0.988709 0.149850 0.000000 0.000000 0.000000 -1.000000 0.0 0.0 0.0 0.0 0.0 0.0
-0.537202 2.811903 6.752804 0.897635 -0.440740 0.000000 0.000000 0.000000 -1.000000 0.0 0.0 0.0 0.0 0.0 0.0
-0.290231 3.071829 6.363041 0.486014 -0.873951 0.000000 0.000000 0.000000 -1.000000 0.0 0.0 0.0 0.0 0.0 0.0
0.060874 3.144502 5.973278 -0.099163 -0.995071 0.000000 0.000000 0.000000 -1.000000 0.0 0.0 0.0 0.0 0.0 0.0
0.390731 3.003969 5.583515 -0.648922 -0.760855 0.000000 0.000000 0.000000 -1.000000 0.0 0.0 0.0 0.0 0.0 0.0
0.581553 2.700418 5.193752 -0.966958 -0.254936 0.000000 0.000000 0.000000 -1.000000 0.0 0.0 0.0 0.0 0.0 0.0
0.565192 2.342245 4.803989 -0.939691 0.342025 0.000000 0.000000 0.000000 -1.000000 0.0 0.0 0.0 0.0 0.0 0.0
2.372237 0.694879 10.260670 -0.270824 0.962629 0.000000 0.000000 0.000000 1.000000 0.0 0.0 0.0 0.0 0.0 0.0
2.672606 0.890676 10.650433 -0.771439 0.636303 0.000000 0.000000 0.000000 1.000000 0.0 0.0 0.0 0.0 0.0 0.0
2.807685 1.222803 11.040195 -0.996570 0.082760 0.000000 0.000000 0.000000 1.000000 0.0 0.0 0.0 0.0 0.0 0.0
2.729239 1.572664 11.429958 -0.865827 -0.500343 0.000000 0.000000 0.000000 1.000000 0.0 0.0 0.0 0.0 0.0 0.0
2.465281 1.815321 11.819717 -0.425901 -0.904770 0.000000 0.000000 0.000000 1.000000 0.0 0.0 0.0 0.0 0.0 0.0
2.110072 1.864122 12.209480 0.166120 -0.986106 0.000000 0.000000 0.000000 1.000000 0.0 0.0 0.0 0.0 0.0 0.0
0.096965 1.955122 12.209480 -0.159312 0.987228 0.000000 0.000000 0.000000 -1.000000 0.0 0.0 0.0 0.0 0.0 0.0
-0.261625 2.008173 11.819717 0.438338 0.898810 0.000000 0.000000 0.000000 -1.000000 0.0 0.0 0.0 0.0 0.0 0.0
-0.524217 2.258062 11.429958 0.875989 0.482331 0.000000 0.000000 0.000000 -1.000000 0.0 0.0 0.0 0.0 0.0 0.0
-0.594968 2.613584 11.040195 0.993909 -0.110206 0.000000 0.000000 0.000000 -1.000000 0.0 0.0 0.0 0.0 0.0 0.0
-0.448049 2.944967 10.650433 0.749046 -0.662519 0.000000 0.000000 0.000000 -1.000000 0.0 0.0 0.0 0.0 0.0 0.0
-0.137090 3.131262 10.260670 0.230780 -0.973006 0.000000 0.000000 0.000000 -1.000000 0.0 0.0 0.0 0.0 0.0 0.0
0.224410 3.104463 9.870907 -0.371723 -0.928344 0.000000 0.000000 0.000000 -1.000000 0.0 0.0 0.0 0.0 0.0 0.0
0.504504 2.874361 9.481144 -0.838540 -0.544840 0.000000 0.000000 0.000000 -1.000000 0.0 0.0 0.0 0.0 0.0 0.0
0.600955 2.524935 9.091381 -0.999295 0.037537 0.000000 0.000000 0.000000 -1.000000 0.0 0.0 0.0 0.0 0.0 0.0
0.478560 2.183729 8.701618 -0.795304 0.606210 0.000000 0.000000 0.000000 -1.000000 0.0 0.0 0.0 0.0 0.0 0.0
0.181990 1.975286 8.311855 -0.301018 0.953618 0.000000 0.000000 0.000000 -1.000000 0.0 0.0 0.0 0.0 0.0 0.0
-0.180501 1.975691 7.922092 0.303137 0.952947 0.000000 0.000000 0.000000 -1.000000 0.0 0.0 0.0 0.0 0.0 0.0
-0.476606 2.184786 7.532330 0.796636 0.604460 0.000000 0.000000 0.000000 -1.000000 0.0 0.0 0.0 0.0 0.0 0.0
-1.783780 1.697779 7.532330 -0.705345 -0.708864 0.000000 0.000000 0.000000 1.000000 0.0 0.0 0.0 0.0 0.0 0.0
-2.107709 1.864187 7.922092 -0.165463 -0.986216 0.000000 0.000000 0.000000 1.000000 0.0 0.0 0.0 0.0 0.0 0.0
-2.468213 1.812609 8.311855 0.435380 -0.900247 0.000000 0.000000 0.000000 1.000000 0.0 0.0 0.0 0.0 0.0 0.0
-2.732480 1.562036 8.701618 0.875824 -0.482630 0.000000 0.000000 0.000000 1.000000 0.0 0.0 0.0 0.0 0.0 0.0
-2.803159 1.204786 9.091381 0.993619 0.112791 0.000000 0.000000 0.000000 1.000000 0.0 0.0 0.0 0.0 0.0 0.0
-2.654210 0.872469 9.481144 0.745373 0.666647 0.000000 0.000000 0.000000 1.000000 0.0 0.0 0.0 0.0 0.0 0.0
-2.340505 0.687502 9.870907 0.222529 0.974926 0.000000 0.000000 0.000000 1.000000 0.0 0.0 0.0 0.0 0.0 0.0
0.424582 -2.127222 7.532330 -0.705340 -0.708869 0.000000 0.000000 0.000000 1.000000 0.0 0.0 0.0 0.0 0.0 0.0
0.108702 -1.962217 7.922092 -0.178870 -0.983873 0.000000 0.000000 0.000000 1.000000 0.0 0.0 0.0 0.0 0.0 0.0
-0.245042 -2.005480 8.311855 0.410700 -0.911770 0.000000 0.000000 0.000000 1.000000 0.0 0.0 0.0 0.0 0.0 0.0
-0.511850 -2.241740 8.701618 0.855377 -0.518006 0.000000 0.000000 0.000000 1.000000 0.0 0.0 0.0 0.0 0.0 0.0
-0.597593 -2.587652 9.091381 0.998286 0.058518 0.000000 0.000000 0.000000 1.000000 0.0 0.0 0.0 0.0 0.0 0.0
-0.472024 -2.921179 9.481144 0.789000 0.614393 0.000000 0.000000 0.000000 1.000000 0.0 0.0 0.0 0.0 0.0 0.0
-0.179437 -3.124647 9.870907 0.301360 0.953510 0.000000 0.000000 0.000000 1.000000 0.0 0.0 0.0 0.0 0.0 0.0
0.176940 -3.126284 10.260670 -0.292604 0.956234 0.000000 0.000000 0.000000 1.000000 0.0 0.0 0.0 0.0 0.0 0.0
0.471377 -2.925505 10.650433 -0.783330 0.621606 0.000000 0.000000 0.000000 1.000000 0.0 0.0 0.0 0.0 0.0 0.0
0.600001 -2.593146 11.040195 -0.997708 0.067673 0.000000 0.000000 0.000000 1.000000 0.0 0.0 0.0 0.0 0.0 0.0
0.517436 -2.246462 11.429958 -0.860098 -0.510129 0.000000 0.000000 0.000000 1.000000 0.0 0.0 0.0 0.0 0.0 0.0
0.252803 -2.007761 11.819717 -0.419045 -0.907966 0.000000 0.000000 0.000000 1.000000 0.0 0.0 0.0 0.0 0.0 0.0
-0.100530 -1.961260 12.209480 0.169849 -0.985470 0.000000 0.000000 0.000000 1.000000 0.0 0.0 0.0 0.0 0.0 0.0
-0.417909 -2.123358 12.599243 0.698809 -0.715308 0.000000 0.000000 0.000000 1.000000 0.0 0.0 0.0 0.0 0.0 0.0
-1.787698 -1.706724 12.599243 -0.698814 0.715303 0.000000 0.000000 0.000000 -1.000000 0.0 0.0 0.0 0.0 0.0 0.0
-2.120042 -1.871210 12.209480 -0.144911 0.989445 0.000000 0.000000 0.000000 -1.000000 0.0 0.0 0.0 0.0 0.0 0.0
-2.485597 -1.808935 11.819717 0.464350 0.885652 0.000000 0.000000 0.000000 -1.000000 0.0 0.0 0.0 0.0 0.0 0.0
-2.744729 -1.543684 11.429958 0.896238 0.443574 0.000000 0.000000 0.000000 -1.000000 0.0 0.0 0.0 0.0 0.0 0.0
-2.798467 -1.176779 11.040195 0.985797 -0.167941 0.000000 0.000000 0.000000 -1.000000 0.0 0.0 0.0 0.0 0.0 0.0
-2.626275 -0.848360 10.650433 0.698814 -0.715303 0.000000 0.000000 0.000000 -1.000000 0.0 0.0 0.0 0.0 0.0 0.0
-2.293935 -0.683874 10.260670 0.144911 -0.989445 0.000000 0.000000 0.000000 -1.000000 0.0 0.0 0.0 0.0 0.0 0.0
-2.044492 0.694879 10.260670 -0.270824 0.962629 0.000000 0.000000 0.000000 1.000000 0.0 0.0 0.0 0.0 0.0 0.0
-1.745008 0.889608 10.650433 -0.769967 0.638084 0.000000 0.000000 0.000000 1.000000 0.0 0.0 0.0 0.0 0.0 0.0
-1.609281 1.220041 11.040195 -0.996176 0.087366 0.000000 0.000000 0.000000 1.000000 0.0 0.0 0.0 0.0 0.0 0.0
-1.685422 1.569055 11.429958 -0.869275 -0.494328 0.000000 0.000000 0.000000 1.000000 0.0 0.0 0.0 0.0 0.0 0.0
-1.946443 1.812937 11.819717 -0.434247 -0.900794 0.000000 0.000000 0.000000 1.000000 0.0 0.0 0.0 0.0 0.0 0.0
-2.299817 1.865232 12.209480 0.154715 -0.987959 0.000000 0.000000 0.000000 1.000000 0.0 0.0 0.0 0.0 0.0 0.0
-2.620286 1.707411 12.599243 0.688828 -0.724925 0.000000 0.000000 0.000000 1.000000 0.0 0.0 0.0 0.0 0.0 0.0
-1.993818 -0.716688 -6.499134 -0.355284 -0.934758 0.000000 0.000000 0.000000 -1.000000 0.0 0.0 0.0 0.0 0.0 0.0
-1.713319 -0.936525 -6.888897 -0.822780 -0.568360 0.000000 0.000000 0.000000 -1.000000 0.0 0.0 0.0 0.0 0.0 0.0
-1.606988 -1.276671 -7.278660 -0.999999 -0.001450 0.000000 0.000000 0.000000 -1.000000 0.0 0.0 0.0 0.0 0.0 0.0
-1.712335 -1.617125 -7.668423 -0.824426 0.565970 0.000000 0.000000 0.000000 -1.000000 0.0 0.0 0.0 0.0 0.0 0.0
-1.992189 -1.837774 -8.058186 -0.357999 0.933722 0.000000 0.000000 0.000000 -1.000000 0.0 0.0 0.0 0.0 0.0 0.0
-2.347829 -1.860777 -8.447948 0.234737 0.972059 0.000000 0.000000 0.000000 -1.000000 0.0 0.0 0.0 0.0 0.0 0.0
-2.653775 -1.678015 -8.837711 0.744648 0.667458 0.000000 0.000000 0.000000 -1.000000 0.0 0.0 0.0 0.0 0.0 0.0
-2.802099 -1.353968 -9.227474 0.991855 0.127373 0.000000 0.000000 0.000000 -1.000000 0.0 0.0 0.0 0.0 0.0 0.0
-2.740468 -1.002958 -9.617237 0.889136 -0.457643 0.000000 0.000000 0.000000 -1.000000 0.0 0.0 0.0 0.0 0.0 0.0
-2.490628 -0.748819 -10.007000 0.472736 -0.881204 0.000000 0.000000 0.000000 -1.000000 0.0 0.0 0.0 0.0 0.0 0.0
-2.140722 -0.681212 -10.396763 -0.110445 -0.993882 0.000000 0.000000 0.000000 -1.000000 0.0 0.0 0.0 0.0 0.0 0.0
-1.814191 -0.823988 -10.786526 -0.654661 -0.755923 0.000000 0.000000 0.000000 -1.000000 0.0 0.0 0.0 0.0 0.0 0.0
-1.626237 -1.126776 -11.176289 -0.967916 -0.251273 0.000000 0.000000 0.000000 -1.000000 0.0 0.0 0.0 0.0 0.0 0.0
-1.643171 -1.482756 -11.566051 -0.939691 0.342025 0.000000 0.000000 0.000000 -1.000000 0.0 0.0 0.0 0.0 0.0 0.0
-0.562436 -2.347330 -11.566051 0.939693 -0.342019 0.000000 0.000000 0.000000 1.000000 0.0 0.0 0.0 0.0 0.0 0.0
-0.575380 -2.717924 -11.176289 0.961261 0.275639 0.000000 0.000000 0.000000 1.000000 0.0 0.0 0.0 0.0 0.0 0.0
-0.368020 -3.025347 -10.786526 0.615662 0.788010 0.000000 0.000000 0.000000 1.000000 0.0 0.0 0.0 0.0 0.0 0.0
-0.019563 -3.152178 -10.396763 0.034904 0.999391 0.000000 0.000000 0.000000 1.000000 0.0 0.0 0.0 0.0 0.0 0.0
0.336890 -3.049967 -10.007000 -0.559188 0.829041 0.000000 0.000000 0.000000 1.000000 0.0 0.0 0.0 0.0 0.0 0.0
0.565192 -2.757757 -9.617237 -0.939691 0.342025 0.000000 0.000000 0.000000 1.000000 0.0 0.0 0.0 0.0 0.0 0.0
0.578135 -2.387163 -9.227474 -0.961264 -0.275630 0.000000 0.000000 0.000000 1.000000 0.0 0.0 0.0 0.0 0.0 0.0
1.616519 -1.367453 -9.227474 0.988708 0.149852 0.000000 0.000000 0.000000 -1.000000 0.0 0.0 0.0 0.0 0.0 0.0
1.670554 -1.014341 -9.617237 0.898648 -0.438671 0.000000 0.000000 0.000000 -1.000000 0.0 0.0 0.0 0.0 0.0 0.0
1.915713 -0.754522 -10.007000 0.490046 -0.871697 0.000000 0.000000 0.000000 -1.000000 0.0 0.0 0.0 0.0 0.0 0.0
2.265101 -0.680102 -10.396763 -0.092268 -0.995734 0.000000 0.000000 0.000000 -1.000000 0.0 0.0 0.0 0.0 0.0 0.0
2.594863 -0.817454 -10.786526 -0.641871 -0.766812 0.000000 0.000000 0.000000 -1.000000 0.0 0.0 0.0 0.0 0.0 0.0
2.788111 -1.117891 -11.176289 -0.963949 -0.266086 0.000000 0.000000 0.000000 -1.000000 0.0 0.0 0.0 0.0 0.0 0.0
-1.993818 -0.716688 1.685886 -0.355284 -0.934758 0.000000 0.000000 0.000000 -1.000000 0.0 0.0 0.0 0.0 0.0 0.0
-1.718801 -0.928724 1.296124 -0.813646 -0.581360 0.000000 0.000000 0.000000 -1.000000 0.0 0.0 0.0 0.0 0.0 0.0
-1.607320 -1.257609 0.906361 -0.999448 -0.033226 0.000000 0.000000 0.000000 -1.000000 0.0 0.0 0.0 0.0 0.0 0.0
-1.696714 -1.593172 0.516598 -0.850456 0.526046 0.000000 0.000000 0.000000 -1.000000 0.0 0.0 0.0 0.0 0.0 0.0
-1.957044 -1.823004 0.126835 -0.416575 0.909101 0.000000 0.000000 0.000000 -1.000000 0.0 0.0 0.0 0.0 0.0 0.0
-2.301099 -1.870115 -0.262928 0.156850 0.987622 0.000000 0.000000 0.000000 -1.000000 0.0 0.0 0.0 0.0 0.0 0.0
-2.613630 -1.718725 -0.652691 0.677734 0.735307 0.000000 0.000000 0.000000 -1.000000 0.0 0.0 0.0 0.0 0.0 0.0
-2.789941 -1.419546 -1.042454 0.971590 0.236672 0.000000 0.000000 0.000000 -1.000000 0.0 0.0 0.0 0.0 0.0 0.0
-2.770974 -1.072798 -1.432217 0.939978 -0.341234 0.000000 0.000000 0.000000 -1.000000 0.0 0.0 0.0 0.0 0.0 0.0
-2.557637 -0.790671 -1.821980 0.584420 -0.811451 0.000000 0.000000 0.000000 -1.000000 0.0 0.0 0.0 0.0 0.0 0.0
-2.199880 -0.677584 -2.211742 -0.011845 -0.999930 0.000000 0.000000 0.000000 -1.000000 0.0 0.0 0.0 0.0 0.0 0.0
-1.844903 -0.799112 -2.601505 -0.603473 -0.797383 0.000000 0.000000 0.000000 -1.000000 0.0 0.0 0.0 0.0 0.0 0.0
-1.631521 -1.107729 -2.991268 -0.959113 -0.283023 0.000000 0.000000 0.000000 -1.000000 0.0 0.0 0.0 0.0 0.0 0.0
-1.643171 -1.482756 -3.381031 -0.939691 0.342025 0.000000 0.000000 0.000000 -1.000000 0.0 0.0 0.0 0.0 0.0 0.0
-0.562436 -2.347330 -3.381031 0.939693 -0.342019 0.000000 0.000000 0.000000 1.000000 0.0 0.0 0.0 0.0 0.0 0.0
-0.568792 -2.739374 -2.991268 0.950284 0.311386 0.000000 0.000000 0.000000 1.000000 0.0 0.0 0.0 0.0 0.0 0.0
-0.331655 -3.051630 -2.601505 0.555057 0.831813 0.000000 0.000000 0.000000 1.000000 0.0 0.0 0.0 0.0 0.0 0.0
0.047705 -3.150751 -2.211742 -0.077219 0.997014 0.000000 0.000000 0.000000 1.000000 0.0 0.0 0.0 0.0 0.0 0.0
0.407279 -2.994406 -1.821980 -0.676502 0.736441 0.000000 0.000000 0.000000 1.000000 0.0 0.0 0.0 0.0 0.0 0.0
0.585662 -2.688975 -1.432217 -0.973805 0.227384 0.000000 0.000000 0.000000 1.000000 0.0 0.0 0.0 0.0 0.0 0.0
0.578135 -2.387163 -1.042454 -0.961264 -0.275630 0.000000 0.000000 0.000000 1.000000 0.0 0.0 0.0 0.0 0.0 0.0
1.616519 -1.367453 -1.042454 0.988708 0.149852 0.000000 0.000000 0.000000 -1.000000 0.0 0.0 0.0 0.0 0.0 0.0
1.670554 -1.014341 -1.432217 0.898648 -0.438671 0.000000 0.000000 0.000000 -1.000000 0.0 0.0 0.0 0.0 0.0 0.0
1.915713 -0.754522 -1.821980 0.490046 -0.871697 0.000000 0.000000 0.000000 -1.000000 0.0 0.0 0.0 0.0 0.0 0.0
2.265101 -0.680102 -2.211742 -0.092268 -0.995734 0.000000 0.000000 0.000000 -1.000000 0.0 0.0 0.0 0.0 0.0 0.0
2.594863 -0.817454 -2.601505 -0.641871 -0.766812 0.000000 0.000000 0.000000 -1.000000 0.0 0.0 0.0 0.0 0.0 0.0
2.788111 -1.117891 -2.991268 -0.963949 -0.266086 0.000000 0.000000 0.000000 -1.000000 0.0 0.0 0.0 0.0 0.0 0.0
2.776347 -1.474920 -3.381031 -0.944343 0.328962 0.000000 0.000000 0.000000 -1.000000 0.0 0.0 0.0 0.0 0.0 0.0
2.563739 -1.761988 -3.770794 -0.589991 0.807410 0.000000 0.000000 0.000000 -1.000000 0.0 0.0 0.0 0.0 0.0 0.0
2.225650 -1.877333 -4.160557 -0.026512 0.999648 0.000000 0.000000 0.000000 -1.000000 0.0 0.0 0.0 0.0 0.0 0.0
1.881922 -1.780069 -4.550320 0.546369 0.837545 0.000000 0.000000 0.000000 -1.000000 0.0 0.0 0.0 0.0 0.0 0.0
1.654395 -1.504675 -4.940083 0.925580 0.378552 0.000000 0.000000 0.000000 -1.000000 0.0 0.0 0.0 0.0 0.0 0.0
1.623725 -1.148771 -5.329845 0.976699 -0.214615 0.000000 0.000000 0.000000 -1.000000 0.0 0.0 0.0 0.0 0.0 0.0
1.800776 -0.838511 -5.719608 0.681610 -0.731716 0.000000 0.000000 0.000000 -1.000000 0.0 0.0 0.0 0.0 0.0 0.0
2.122794 -0.683874 -6.109371 0.144911 -0.989445 0.000000 0.000000 0.000000 -1.000000 0.0 0.0 0.0 0.0 0.0 0.0
-1.993818 -0.716688 9.870907 -0.355284 -0.934758 0.000000 0.000000 0.000000 -1.000000 0.0 0.0 0.0 0.0 0.0 0.0
-1.713319 -0.936525 9.481144 -0.822780 -0.568360 0.000000 0.000000 0.000000 -1.000000 0.0 0.0 0.0 0.0 0.0 0.0
-1.606988 -1.276671 9.091381 -0.999999 -0.001450 0.000000 0.000000 0.000000 -1.000000 0.0 0.0 0.0 0.0 0.0 0.0
-1.712335 -1.617125 8.701618 -0.824426 0.565970 0.000000 0.000000 0.000000 -1.000000 0.0 0.0 0.0 0.0 0.0 0.0
-1.992189 -1.837774 8.311855 -0.357999 0.933722 0.000000 0.000000 0.000000 -1.000000 0.0 0.0 0.0 0.0 0.0 0.0
-2.347829 -1.860777 7.922092 0.234737 0.972059 0.000000 0.000000 0.000000 -1.000000 0.0 0.0 0.0 0.0 0.0 0.0
-2.653775 -1.678015 7.532330 0.744648 0.667458 0.000000 0.000000 0.000000 -1.000000 0.0 0.0 0.0 0.0 0.0 0.0
-2.802099 -1.353968 7.142567 0.991855 0.127373 0.000000 0.000000 0.000000 -1.000000 0.0 0.0 0.0 0.0 0.0 0.0
-2.740468 -1.002958 6.752804 0.889136 -0.457643 0.000000 0.000000 0.000000 -1.000000 0.0 0.0 0.0 0.0 0.0 0.0
-2.490628 -0.748819 6.363041 0.472736 -0.881204 0.000000 0.000000 0.000000 -1.000000 0.0 0.0 0.0 0.0 0.0 0.0
-2.140722 -0.681212 5.973278 -0.110445 -0.993882 0.000000 0.000000 0.000000 -1.000000 0.0 0.0 0.0 0.0 0.0 0.0
-1.814191 -0.823988 5.583515 -0.654661 -0.755923 0.000000 0.000000 0.000000 -1.000000 0.0 0.0 0.0 0.0 0.0 0.0
-1.626237 -1.126776 5.193752 -0.967916 -0.251273 0.000000 0.000000 0.000000 -1.000000 0.0 0.0 0.0 0.0 0.0 0.0
-1.643171 -1.482756 4.803989 -0.939691 0.342025 0.000000 0.000000 0.000000 -1.000000 0.0 0.0 0.0 0.0 0.0 0.0
-0.562436 -2.347330 4.803989 0.939693 -0.342019 0.000000 0.000000 0.000000 1.000000 0.0 0.0 0.0 0.0 0.0 0.0
-0.575380 -2.717924 5.193752 0.961261 0.275639 0.000000 0.000000 0.000000 1.000000 0.0 0.0 0.0 0.0 0.0 0.0
-0.368020 -3.025347 5.583515 0.615662 0.788010 0.000000 0.000000 0.000000 1.000000 0.0 0.0 0.0 0.0 0.0 0.0
-0.019563 -3.152178 5.973278 0.034904 0.999391 0.000000 0.000000 0.000000 1.000000 0.0 0.0 0.0 0.0 0.0 0.0
0.336890 -3.049967 6.363041 -0.559188 0.829041 0.000000 0.000000 0.000000 1.000000 0.0 0.0 0.0 0.0 0.0 0.0
0.565192 -2.757757 6.752804 -0.939691 0.342025 0.000000 0.000000 0.000000 1.000000 0.0 0.0 0.0 0.0 0.0 0.0
0.578135 -2.387163 7.142567 -0.961264 -0.275630 0.000000 0.000000 0.000000 1.000000 0.0 0.0 0.0 0.0 0.0 0.0
1.616519 -1.367453 7.142567 0.988708 0.149852 0.000000 0.000000 0.000000 -1.000000 0.0 0.0 0.0 0.0 0.0 0.0
1.670554 -1.014341 6.752804 0.898648 -0.438671 0.000000 0.000000 0.000000 -1.000000 0.0 0.0 0.0 0.0 0.0 0.0
1.915713 -0.754522 6.363041 0.490046 -0.871697 0.000000 0.000000 0.000000 -1.000000 0.0 0.0 0.0 0.0 0.0 0.0
2.265101 -0.680102 5.973278 -0.092268 -0.995734 0.000000 0.000000 0.000000 -1.000000 0.0 0.0 0.0 0.0 0.0 0.0
2.594863 -0.817454 5.583515 -0.641871 -0.766812 0.000000 0.000000 0.000000 -1.000000 0.0 0.0 0.0 0.0 0.0 0.0
2.788111 -1.117891 5.193752 -0.963949 -0.266086 0.000000 0.000000 0.000000 -1.000000 0.0 0.0 0.0 0.0 0.0 0.0
2.776347 -1.474920 4.803989 -0.944343 0.328962 0.000000 0.000000 0.000000 -1.000000 0.0 0.0 0.0 0.0 0.0 0.0
2.563739 -1.761988 4.414227 -0.589991 0.807410 0.000000 0.000000 0.000000 -1.000000 0.0 0.0 0.0 0.0 0.0 0.0
2.225650 -1.877333 4.024464 -0.026512 0.999648 0.000000 0.000000 0.000000 -1.000000 0.0 0.0 0.0 0.0 0.0 0.0
1.881922 -1.780069 3.634701 0.546369 0.837545 0.000000 0.000000 0.000000 -1.000000 0.0 0.0 0.0 0.0 0.0 0.0
1.654395 -1.504675 3.244938 0.925580 0.378552 0.000000 0.000000 0.000000 -1.000000 0.0 0.0 0.0 0.0 0.0 0.0
1.623725 -1.148771 2.855175 0.976699 -0.214615 0.000000 0.000000 0.000000 -1.000000 0.0 0.0 0.0 0.0 0.0 0.0
1.800776 -0.838511 2.465412 0.681610 -0.731716 0.000000 0.000000 0.000000 -1.000000 0.0 0.0 0.0 0.0 0.0 0.0
2.122794 -0.683874 2.075649 0.144911 -0.989445 0.000000 0.000000 0.000000 -1.000000 0.0 0.0 0.0 0.0 0.0 0.0
2.225650 -1.877333 12.209480 -0.026512 0.999648 0.000000 0.000000 0.000000 -1.000000 0.0 0.0 0.0 0.0 0.0 0.0
1.881922 -1.780069 11.819717 0.546369 0.837545 0.000000 0.000000 0.000000 -1.000000 0.0 0.0 0.0 0.0 0.0 0.0
1.654395 -1.504675 11.429958 0.925580 0.378552 0.000000 0.000000 0.000000 -1.000000 0.0 0.0 0.0 0.0 0.0 0.0
1.623725 -1.148771 11.040195 0.976699 -0.214615 0.000000 0.000000 0.000000 -1.000000 0.0 0.0 0.0 0.0 0.0 0.0
1.800776 -0.838511 10.650433 0.681610 -0.731716 0.000000 0.000000 0.000000 -1.000000 0.0 0.0 0.0 0.0 0.0 0.0
2.122794 -0.683874 10.260670 0.144911 -0.989445 0.000000 0.000000 0.000000 -1.000000 0.0 0.0 0.0 0.0 0.0 0.0
1.645926 1.477671 -11.566051 0.939694 -0.342016 0.000000 0.000000 0.000000 1.000000 0.0 0.0 0.0 0.0 0.0 0.0
1.630637 1.115499 -11.176289 0.965176 0.261602 0.000000 0.000000 0.000000 1.000000 0.0 0.0 0.0 0.0 0.0 0.0
1.826720 0.810621 -10.786526 0.638370 0.769729 0.000000 0.000000 0.000000 1.000000 0.0 0.0 0.0 0.0 0.0 0.0
2.162608 0.674311 -10.396763 0.078554 0.996910 0.000000 0.000000 0.000000 1.000000 0.0 0.0 0.0 0.0 0.0 0.0
2.515700 0.756330 -10.007000 -0.509930 0.860216 0.000000 0.000000 0.000000 1.000000 0.0 0.0 0.0 0.0 0.0 0.0
2.757117 1.026735 -9.617237 -0.912294 0.409536 0.000000 0.000000 0.000000 1.000000 0.0 0.0 0.0 0.0 0.0 0.0
2.798739 1.386827 -9.227474 -0.981666 -0.190611 0.000000 0.000000 0.000000 1.000000 0.0 0.0 0.0 0.0 0.0 0.0
2.625380 1.705179 -8.837711 -0.692725 -0.721202 0.000000 0.000000 0.000000 1.000000 0.0 0.0 0.0 0.0 0.0 0.0
2.300307 1.865583 -8.447948 -0.150938 -0.988543 0.000000 0.000000 0.000000 1.000000 0.0 0.0 0.0 0.0 0.0 0.0
1.942179 1.809496 -8.058186 0.445939 -0.895063 0.000000 0.000000 0.000000 1.000000 0.0 0.0 0.0 0.0 0.0 0.0
1.681716 1.557390 -7.668423 0.880048 -0.474886 0.000000 0.000000 0.000000 1.000000 0.0 0.0 0.0 0.0 0.0 0.0
1.613978 1.201284 -7.278660 0.992940 0.118618 0.000000 0.000000 0.000000 1.000000 0.0 0.0 0.0 0.0 0.0 0.0
1.763697 0.871153 -6.888897 0.743407 0.668839 0.000000 0.000000 0.000000 1.000000 0.0 0.0 0.0 0.0 0.0 0.0
2.076224 0.687502 -6.499134 0.222529 0.974926 0.000000 0.000000 0.000000 1.000000 0.0 0.0 0.0 0.0 0.0 0.0
2.422911 -0.716688 -6.499134 -0.355284 -0.934758 0.000000 0.000000 0.000000 -1.000000 0.0 0.0 0.0 0.0 0.0 0.0
2.708007 -0.943277 -6.888897 -0.830440 -0.557108 0.000000 0.000000 0.000000 -1.000000 0.0 0.0 0.0 0.0 0.0 0.0
2.809542 -1.293013 -7.278660 -0.999667 0.025787 0.000000 0.000000 0.000000 -1.000000 0.0 0.0 0.0 0.0 0.0 0.0
2.690112 -1.637045 -7.668423 -0.800619 0.599174 0.000000 0.000000 0.000000 -1.000000 0.0 0.0 0.0 0.0 0.0 0.0
2.393718 -1.848639 -8.058186 -0.306627 0.951830 0.000000 0.000000 0.000000 -1.000000 0.0 0.0 0.0 0.0 0.0 0.0
2.029544 -1.849844 -8.447948 0.300331 0.953835 0.000000 0.000000 0.000000 -1.000000 0.0 0.0 0.0 0.0 0.0 0.0
1.731757 -1.640215 -8.837711 0.796639 0.604455 0.000000 0.000000 0.000000 -1.000000 0.0 0.0 0.0 0.0 0.0 0.0
1.645926 1.477671 -3.381031 0.939694 -0.342016 0.000000 0.000000 0.000000 1.000000 0.0 0.0 0.0 0.0 0.0 0.0
1.628295 1.124403 -2.991268 0.969076 0.246763 0.000000 0.000000 0.000000 1.000000 0.0 0.0 0.0 0.0 0.0 0.0
1.812732 0.822588 -2.601505 0.661683 0.749783 0.000000 0.000000 0.000000 1.000000 0.0 0.0 0.0 0.0 0.0 0.0
2.135134 0.677114 -2.211742 0.124349 0.992239 0.000000 0.000000 0.000000 1.000000 0.0 0.0 0.0 0.0 0.0 0.0
2.483470 0.738535 -1.821980 -0.456209 0.889873 0.000000 0.000000 0.000000 1.000000 0.0 0.0 0.0 0.0 0.0 0.0
2.736674 0.985506 -1.432217 -0.878219 0.478258 0.000000 0.000000 0.000000 1.000000 0.0 0.0 0.0 0.0 0.0 0.0
2.806762 1.332197 -1.042454 -0.995031 -0.099563 0.000000 0.000000 0.000000 1.000000 0.0 0.0 0.0 0.0 0.0 0.0
2.669368 1.658132 -0.652691 -0.766038 -0.642795 0.000000 0.000000 0.000000 1.000000 0.0 0.0 0.0 0.0 0.0 0.0
2.372245 1.850035 -0.262928 -0.270833 -0.962626 0.000000 0.000000 0.000000 1.000000 0.0 0.0 0.0 0.0 0.0 0.0
2.041487 1.848383 0.126835 0.280420 -0.959878 0.000000 0.000000 0.000000 1.000000 0.0 0.0 0.0 0.0 0.0 0.0
1.724334 1.625131 0.516598 0.809014 -0.587789 0.000000 0.000000 0.000000 1.000000 0.0 0.0 0.0 0.0 0.0 0.0
1.610011 1.254511 0.906361 0.999552 0.029917 0.000000 0.000000 0.000000 1.000000 0.0 0.0 0.0 0.0 0.0 0.0
1.746291 0.891390 1.296124 0.772416 0.635116 0.000000 0.000000 0.000000 1.000000 0.0 0.0 0.0 0.0 0.0 0.0
2.076224 0.687502 1.685886 0.222529 0.974926 0.000000 0.000000 0.000000 1.000000 0.0 0.0 0.0 0.0 0.0 0.0
2.422911 -0.716688 1.685886 -0.355284 -0.934758 0.000000 0.000000 0.000000 -1.000000 0.0 0.0 0.0 0.0 0.0 0.0
2.719107 -0.960447 1.296124 -0.848941 -0.528488 0.000000 0.000000 0.000000 -1.000000 0.0 0.0 0.0 0.0 0.0 0.0
2.807097 -1.333822 0.906361 -0.995591 0.093804 0.000000 0.000000 0.000000 -1.000000 0.0 0.0 0.0 0.0 0.0 0.0
2.650916 -1.684191 0.516598 -0.735294 0.677749 0.000000 0.000000 0.000000 -1.000000 0.0 0.0 0.0 0.0 0.0 0.0
2.314406 -1.868342 0.126835 -0.174437 0.984668 0.000000 0.000000 0.000000 -1.000000 0.0 0.0 0.0 0.0 0.0 0.0
1.963412 -1.824644 -0.262928 0.410548 0.911839 0.000000 0.000000 0.000000 -1.000000 0.0 0.0 0.0 0.0 0.0 0.0
1.731757 -1.640215 -0.652691 0.796639 0.604455 0.000000 0.000000 0.000000 -1.000000 0.0 0.0 0.0 0.0 0.0 0.0
1.645926 1.477671 4.803989 0.939694 -0.342016 0.000000 0.000000 0.000000 1.000000 0.0 0.0 0.0 0.0 0.0 0.0
1.630637 1.115499 5.193752 0.965176 0.261602 0.000000 0.000000 0.000000 1.000000 0.0 0.0 0.0 0.0 0.0 0.0
1.826720 0.810621 5.583515 0.638370 0.769729 0.000000 0.000000 0.000000 1.000000 0.0 0.0 0.0 0.0 0.0 0.0
2.162608 0.674311 5.973278 0.078554 0.996910 0.000000 0.000000 0.000000 1.000000 0.0 0.0 0.0 0.0 0.0 0.0
2.515700 0.756330 6.363041 -0.509930 0.860216 0.000000 0.000000 0.000000 1.000000 0.0 0.0 0.0 0.0 0.0 0.0
2.757117 1.026735 6.752804 -0.912294 0.409536 0.000000 0.000000 0.000000 1.000000 0.0 0.0 0.0 0.0 0.0 0.0
2.798739 1.386827 7.142567 -0.981666 -0.190611 0.000000 0.000000 0.000000 1.000000 0.0 0.0 0.0 0.0 0.0 0.0
2.625380 1.705179 7.532330 -0.692725 -0.721202 0.000000 0.000000 0.000000 1.000000 0.0 0.0 0.0 0.0 0.0 0.0
2.300307 1.865583 7.922092 -0.150938 -0.988543 0.000000 0.000000 0.000000 1.000000 0.0 0.0 0.0 0.0 0.0 0.0
1.942179 1.809496 8.311855 0.445939 -0.895063 0.000000 0.000000 0.000000 1.000000 0.0 0.0 0.0 0.0 0.0 0.0
1.681716 1.557390 8.701618 0.880048 -0.474886 0.000000 0.000000 0.000000 1.000000 0.0 0.0 0.0 0.0 0.0 0.0
1.613978 1.201284 9.091381 0.992940 0.118618 0.000000 0.000000 0.000000 1.000000 0.0 0.0 0.0 0.0 0.0 0.0
1.763697 0.871153 9.481144 0.743407 0.668839 0.000000 0.000000 0.000000 1.000000 0.0 0.0 0.0 0.0 0.0 0.0
2.076224 0.687502 9.870907 0.222529 0.974926 0.000000 0.000000 0.000000 1.000000 0.0 0.0 0.0 0.0 0.0 0.0
2.422911 -0.716688 9.870907 -0.355284 -0.934758 0.000000 0.000000 0.000000 -1.000000 0.0 0.0 0.0 0.0 0.0 0.0
2.708007 -0.943277 9.481144 -0.830440 -0.557108 0.000000 0.000000 0.000000 -1.000000 0.0 0.0 0.0 0.0 0.0 0.0
2.809542 -1.293013 9.091381 -0.999667 0.025787 0.000000 0.000000 0.000000 -1.000000 0.0 0.0 0.0 0.0 0.0 0.0
2.690112 -1.637045 8.701618 -0.800619 0.599174 0.000000 0.000000 0.000000 -1.000000 0.0 0.0 0.0 0.0 0.0 0.0
2.393718 -1.848639 8.311855 -0.306627 0.951830 0.000000 0.000000 0.000000 -1.000000 0.0 0.0 0.0 0.0 0.0 0.0
2.029544 -1.849844 7.922092 0.300331 0.953835 0.000000 0.000000 0.000000 -1.000000 0.0 0.0 0.0 0.0 0.0 0.0
1.731757 -1.640215 7.532330 0.796639 0.604455 0.000000 0.000000 0.000000 -1.000000 0.0 0.0 0.0 0.0 0.0 0.0
